"Latitude" "Longitude" "Elevation" "mintemp" "maxtemp" "prcpann" "temprang" "rwsaetswbs" "raetcwd" "prcpsum" "pdaetswb" "pcseas" "cumlswb" "rwsaet" "rswbaet" "rpetaet" "prcpwin" "prcpspr" "prcpfal" "pdwsaetswb" "mxtmpwin" "mxtmpsum" "mxtmpspr" "mxtmpfal" "mntmpwin" "mntmpsu" "mntmpspr" "mntmpfal" "cumlws" "cumlpet" "cumlcwd" "cumlaet"
"ind_0" 34.343487 -116.84196 1513 -1.76824 30.1639 319.733 31.9077 0.658601 0.507369 26.3933 156.225 0.87298 53.8721 1.25153 0.221997 3.04585 182.447 70.6839 40.2079 77.3267 11.009 29.0522 16.4044 21.0321 -1.53086 11.5277 2.18464 16.786 308.236 743.447 743.447 497.997
"ind_1" 34.343487 -116.84196 1513 -1.76824 30.1639 319.733 31.9077 0.658601 0.507369 26.3933 156.225 0.87298 53.8721 1.25153 0.221997 3.04585 182.447 70.6839 40.2079 77.3267 11.009 29.0522 16.4044 21.0321 -1.53086 11.5277 2.18464 16.786 308.236 743.447 743.447 497.997
"ind_2" 34.343487 -116.84196 1513 -1.76824 30.1639 319.733 31.9077 0.658601 0.507369 26.3933 156.225 0.87298 53.8721 1.25153 0.221997 3.04585 182.447 70.6839 40.2079 77.3267 11.009 29.0522 16.4044 21.0321 -1.53086 11.5277 2.18464 16.786 308.236 743.447 743.447 497.997
"ind_3" 34.343487 -116.84196 1513 -1.76824 30.1639 319.733 31.9077 0.658601 0.507369 26.3933 156.225 0.87298 53.8721 1.25153 0.221997 3.04585 182.447 70.6839 40.2079 77.3267 11.009 29.0522 16.4044 21.0321 -1.53086 11.5277 2.18464 16.786 308.236 743.447 743.447 497.997
"ind_4" 34.343487 -116.84196 1513 -1.76824 30.1639 319.733 31.9077 0.658601 0.507369 26.3933 156.225 0.87298 53.8721 1.25153 0.221997 3.04585 182.447 70.6839 40.2079 77.3267 11.009 29.0522 16.4044 21.0321 -1.53086 11.5277 2.18464 16.786 308.236 743.447 743.447 497.997
"ind_5" 34.343487 -116.84196 1513 -1.76824 30.1639 319.733 31.9077 0.658601 0.507369 26.3933 156.225 0.87298 53.8721 1.25153 0.221997 3.04585 182.447 70.6839 40.2079 77.3267 11.009 29.0522 16.4044 21.0321 -1.53086 11.5277 2.18464 16.786 308.236 743.447 743.447 497.997
"ind_6" 34.343487 -116.84196 1513 -1.76824 30.1639 319.733 31.9077 0.658601 0.507369 26.3933 156.225 0.87298 53.8721 1.25153 0.221997 3.04585 182.447 70.6839 40.2079 77.3267 11.009 29.0522 16.4044 21.0321 -1.53086 11.5277 2.18464 16.786 308.236 743.447 743.447 497.997
"ind_7" 34.343487 -116.84196 1513 -1.76824 30.1639 319.733 31.9077 0.658601 0.507369 26.3933 156.225 0.87298 53.8721 1.25153 0.221997 3.04585 182.447 70.6839 40.2079 77.3267 11.009 29.0522 16.4044 21.0321 -1.53086 11.5277 2.18464 16.786 308.236 743.447 743.447 497.997
"ind_8" 34.343487 -116.84196 1513 -1.76824 30.1639 319.733 31.9077 0.658601 0.507369 26.3933 156.225 0.87298 53.8721 1.25153 0.221997 3.04585 182.447 70.6839 40.2079 77.3267 11.009 29.0522 16.4044 21.0321 -1.53086 11.5277 2.18464 16.786 308.236 743.447 743.447 497.997
"ind_9" 34.343487 -116.84196 1513 -1.76824 30.1639 319.733 31.9077 0.658601 0.507369 26.3933 156.225 0.87298 53.8721 1.25153 0.221997 3.04585 182.447 70.6839 40.2079 77.3267 11.009 29.0522 16.4044 21.0321 -1.53086 11.5277 2.18464 16.786 308.236 743.447 743.447 497.997
"ind_10" 34.343487 -116.84196 1513 -1.76824 30.1639 319.733 31.9077 0.658601 0.507369 26.3933 156.225 0.87298 53.8721 1.25153 0.221997 3.04585 182.447 70.6839 40.2079 77.3267 11.009 29.0522 16.4044 21.0321 -1.53086 11.5277 2.18464 16.786 308.236 743.447 743.447 497.997
"ind_11" 40.88507 -119.60353 1721 -6.89504 28.7475 376.191 35.5832 0.619412 0.748737 38.9616 78.1963 0.478302 167.313 1.13157 0.733209 2.33993 142.163 118.486 76.5807 22.5519 3.87037 26.4392 10.4268 15.779 -6.39394 9.16484 -1.00581 4.4646 257.092 534.185 534.185 305.797
"ind_12" 40.88507 -119.60353 1721 -6.89504 28.7475 376.191 35.5832 0.619412 0.748737 38.9616 78.1963 0.478302 167.313 1.13157 0.733209 2.33993 142.163 118.486 76.5807 22.5519 3.87037 26.4392 10.4268 15.779 -6.39394 9.16484 -1.00581 4.4646 257.092 534.185 534.185 305.797
"ind_13" 40.88507 -119.60353 1721 -6.89504 28.7475 376.191 35.5832 0.619412 0.748737 38.9616 78.1963 0.478302 167.313 1.13157 0.733209 2.33993 142.163 118.486 76.5807 22.5519 3.87037 26.4392 10.4268 15.779 -6.39394 9.16484 -1.00581 4.4646 257.092 534.185 534.185 305.797
"ind_14" 40.88507 -119.60353 1721 -6.89504 28.7475 376.191 35.5832 0.619412 0.748737 38.9616 78.1963 0.478302 167.313 1.13157 0.733209 2.33993 142.163 118.486 76.5807 22.5519 3.87037 26.4392 10.4268 15.779 -6.39394 9.16484 -1.00581 4.4646 257.092 534.185 534.185 305.797
"ind_15" 40.88507 -119.60353 1721 -6.89504 28.7475 376.191 35.5832 0.619412 0.748737 38.9616 78.1963 0.478302 167.313 1.13157 0.733209 2.33993 142.163 118.486 76.5807 22.5519 3.87037 26.4392 10.4268 15.779 -6.39394 9.16484 -1.00581 4.4646 257.092 534.185 534.185 305.797
"ind_16" 40.88507 -119.60353 1721 -6.89504 28.7475 376.191 35.5832 0.619412 0.748737 38.9616 78.1963 0.478302 167.313 1.13157 0.733209 2.33993 142.163 118.486 76.5807 22.5519 3.87037 26.4392 10.4268 15.779 -6.39394 9.16484 -1.00581 4.4646 257.092 534.185 534.185 305.797
"ind_17" 40.88507 -119.60353 1721 -6.89504 28.7475 376.191 35.5832 0.619412 0.748737 38.9616 78.1963 0.478302 167.313 1.13157 0.733209 2.33993 142.163 118.486 76.5807 22.5519 3.87037 26.4392 10.4268 15.779 -6.39394 9.16484 -1.00581 4.4646 257.092 534.185 534.185 305.797
"ind_18" 40.88507 -119.60353 1721 -6.89504 28.7475 376.191 35.5832 0.619412 0.748737 38.9616 78.1963 0.478302 167.313 1.13157 0.733209 2.33993 142.163 118.486 76.5807 22.5519 3.87037 26.4392 10.4268 15.779 -6.39394 9.16484 -1.00581 4.4646 257.092 534.185 534.185 305.797
"ind_19" 40.88507 -119.60353 1721 -6.89504 28.7475 376.191 35.5832 0.619412 0.748737 38.9616 78.1963 0.478302 167.313 1.13157 0.733209 2.33993 142.163 118.486 76.5807 22.5519 3.87037 26.4392 10.4268 15.779 -6.39394 9.16484 -1.00581 4.4646 257.092 534.185 534.185 305.797
"ind_20" 40.88507 -119.60353 1721 -6.89504 28.7475 376.191 35.5832 0.619412 0.748737 38.9616 78.1963 0.478302 167.313 1.13157 0.733209 2.33993 142.163 118.486 76.5807 22.5519 3.87037 26.4392 10.4268 15.779 -6.39394 9.16484 -1.00581 4.4646 257.092 534.185 534.185 305.797
"ind_21" 40.88507 -119.60353 1721 -6.89504 28.7475 376.191 35.5832 0.619412 0.748737 38.9616 78.1963 0.478302 167.313 1.13157 0.733209 2.33993 142.163 118.486 76.5807 22.5519 3.87037 26.4392 10.4268 15.779 -6.39394 9.16484 -1.00581 4.4646 257.092 534.185 534.185 305.797
"ind_22" 40.88507 -119.60353 1721 -6.89504 28.7475 376.191 35.5832 0.619412 0.748737 38.9616 78.1963 0.478302 167.313 1.13157 0.733209 2.33993 142.163 118.486 76.5807 22.5519 3.87037 26.4392 10.4268 15.779 -6.39394 9.16484 -1.00581 4.4646 257.092 534.185 534.185 305.797
"ind_23" 40.88507 -119.60353 1721 -6.89504 28.7475 376.191 35.5832 0.619412 0.748737 38.9616 78.1963 0.478302 167.313 1.13157 0.733209 2.33993 142.163 118.486 76.5807 22.5519 3.87037 26.4392 10.4268 15.779 -6.39394 9.16484 -1.00581 4.4646 257.092 534.185 534.185 305.797
"ind_24" 40.88507 -119.60353 1721 -6.89504 28.7475 376.191 35.5832 0.619412 0.748737 38.9616 78.1963 0.478302 167.313 1.13157 0.733209 2.33993 142.163 118.486 76.5807 22.5519 3.87037 26.4392 10.4268 15.779 -6.39394 9.16484 -1.00581 4.4646 257.092 534.185 534.185 305.797
"ind_25" 40.88507 -119.60353 1721 -6.89504 28.7475 376.191 35.5832 0.619412 0.748737 38.9616 78.1963 0.478302 167.313 1.13157 0.733209 2.33993 142.163 118.486 76.5807 22.5519 3.87037 26.4392 10.4268 15.779 -6.39394 9.16484 -1.00581 4.4646 257.092 534.185 534.185 305.797
"ind_26" 40.88507 -119.60353 1721 -6.89504 28.7475 376.191 35.5832 0.619412 0.748737 38.9616 78.1963 0.478302 167.313 1.13157 0.733209 2.33993 142.163 118.486 76.5807 22.5519 3.87037 26.4392 10.4268 15.779 -6.39394 9.16484 -1.00581 4.4646 257.092 534.185 534.185 305.797
"ind_27" 40.88507 -119.60353 1721 -6.89504 28.7475 376.191 35.5832 0.619412 0.748737 38.9616 78.1963 0.478302 167.313 1.13157 0.733209 2.33993 142.163 118.486 76.5807 22.5519 3.87037 26.4392 10.4268 15.779 -6.39394 9.16484 -1.00581 4.4646 257.092 534.185 534.185 305.797
"ind_28" 40.88507 -119.60353 1721 -6.89504 28.7475 376.191 35.5832 0.619412 0.748737 38.9616 78.1963 0.478302 167.313 1.13157 0.733209 2.33993 142.163 118.486 76.5807 22.5519 3.87037 26.4392 10.4268 15.779 -6.39394 9.16484 -1.00581 4.4646 257.092 534.185 534.185 305.797
"ind_29" 41.46667 -120.33333 1864 -7.65704 27.7503 461.343 35.411 0.89063 0.933086 39.113 94.2268 0.559414 149.626 1.35635 0.656864 2.08526 171.626 168.777 81.8281 90.7125 3.97496 25.3374 9.85017 15.345 -7.39757 6.96432 -1.95614 -1.0838 310.498 475.004 475.004 246.907
"ind_30" 41.46667 -120.33333 1864 -7.65704 27.7503 461.343 35.411 0.89063 0.933086 39.113 94.2268 0.559414 149.626 1.35635 0.656864 2.08526 171.626 168.777 81.8281 90.7125 3.97496 25.3374 9.85017 15.345 -7.39757 6.96432 -1.95614 -1.0838 310.498 475.004 475.004 246.907
"ind_31" 41.46667 -120.33333 1864 -7.65704 27.7503 461.343 35.411 0.89063 0.933086 39.113 94.2268 0.559414 149.626 1.35635 0.656864 2.08526 171.626 168.777 81.8281 90.7125 3.97496 25.3374 9.85017 15.345 -7.39757 6.96432 -1.95614 -1.0838 310.498 475.004 475.004 246.907
"ind_32" 41.46667 -120.33333 1864 -7.65704 27.7503 461.343 35.411 0.89063 0.933086 39.113 94.2268 0.559414 149.626 1.35635 0.656864 2.08526 171.626 168.777 81.8281 90.7125 3.97496 25.3374 9.85017 15.345 -7.39757 6.96432 -1.95614 -1.0838 310.498 475.004 475.004 246.907
"ind_33" 41.46667 -120.33333 1864 -7.65704 27.7503 461.343 35.411 0.89063 0.933086 39.113 94.2268 0.559414 149.626 1.35635 0.656864 2.08526 171.626 168.777 81.8281 90.7125 3.97496 25.3374 9.85017 15.345 -7.39757 6.96432 -1.95614 -1.0838 310.498 475.004 475.004 246.907
"ind_34" 41.46667 -120.33333 1864 -7.65704 27.7503 461.343 35.411 0.89063 0.933086 39.113 94.2268 0.559414 149.626 1.35635 0.656864 2.08526 171.626 168.777 81.8281 90.7125 3.97496 25.3374 9.85017 15.345 -7.39757 6.96432 -1.95614 -1.0838 310.498 475.004 475.004 246.907
"ind_35" 41.46667 -120.33333 1864 -7.65704 27.7503 461.343 35.411 0.89063 0.933086 39.113 94.2268 0.559414 149.626 1.35635 0.656864 2.08526 171.626 168.777 81.8281 90.7125 3.97496 25.3374 9.85017 15.345 -7.39757 6.96432 -1.95614 -1.0838 310.498 475.004 475.004 246.907
"ind_36" 41.46667 -120.33333 1864 -7.65704 27.7503 461.343 35.411 0.89063 0.933086 39.113 94.2268 0.559414 149.626 1.35635 0.656864 2.08526 171.626 168.777 81.8281 90.7125 3.97496 25.3374 9.85017 15.345 -7.39757 6.96432 -1.95614 -1.0838 310.498 475.004 475.004 246.907
"ind_37" 41.46667 -120.33333 1864 -7.65704 27.7503 461.343 35.411 0.89063 0.933086 39.113 94.2268 0.559414 149.626 1.35635 0.656864 2.08526 171.626 168.777 81.8281 90.7125 3.97496 25.3374 9.85017 15.345 -7.39757 6.96432 -1.95614 -1.0838 310.498 475.004 475.004 246.907
"ind_38" 41.46667 -120.33333 1864 -7.65704 27.7503 461.343 35.411 0.89063 0.933086 39.113 94.2268 0.559414 149.626 1.35635 0.656864 2.08526 171.626 168.777 81.8281 90.7125 3.97496 25.3374 9.85017 15.345 -7.39757 6.96432 -1.95614 -1.0838 310.498 475.004 475.004 246.907
"ind_39" 41.46667 -120.33333 1864 -7.65704 27.7503 461.343 35.411 0.89063 0.933086 39.113 94.2268 0.559414 149.626 1.35635 0.656864 2.08526 171.626 168.777 81.8281 90.7125 3.97496 25.3374 9.85017 15.345 -7.39757 6.96432 -1.95614 -1.0838 310.498 475.004 475.004 246.907
"ind_40" 41.46667 -120.33333 1864 -7.65704 27.7503 461.343 35.411 0.89063 0.933086 39.113 94.2268 0.559414 149.626 1.35635 0.656864 2.08526 171.626 168.777 81.8281 90.7125 3.97496 25.3374 9.85017 15.345 -7.39757 6.96432 -1.95614 -1.0838 310.498 475.004 475.004 246.907
"ind_41" 41.46667 -120.33333 1864 -7.65704 27.7503 461.343 35.411 0.89063 0.933086 39.113 94.2268 0.559414 149.626 1.35635 0.656864 2.08526 171.626 168.777 81.8281 90.7125 3.97496 25.3374 9.85017 15.345 -7.39757 6.96432 -1.95614 -1.0838 310.498 475.004 475.004 246.907
"ind_42" 41.46667 -120.33333 1864 -7.65704 27.7503 461.343 35.411 0.89063 0.933086 39.113 94.2268 0.559414 149.626 1.35635 0.656864 2.08526 171.626 168.777 81.8281 90.7125 3.97496 25.3374 9.85017 15.345 -7.39757 6.96432 -1.95614 -1.0838 310.498 475.004 475.004 246.907
"ind_43" 41.46667 -120.33333 1864 -7.65704 27.7503 461.343 35.411 0.89063 0.933086 39.113 94.2268 0.559414 149.626 1.35635 0.656864 2.08526 171.626 168.777 81.8281 90.7125 3.97496 25.3374 9.85017 15.345 -7.39757 6.96432 -1.95614 -1.0838 310.498 475.004 475.004 246.907
"ind_44" 41.46667 -120.33333 1864 -7.65704 27.7503 461.343 35.411 0.89063 0.933086 39.113 94.2268 0.559414 149.626 1.35635 0.656864 2.08526 171.626 168.777 81.8281 90.7125 3.97496 25.3374 9.85017 15.345 -7.39757 6.96432 -1.95614 -1.0838 310.498 475.004 475.004 246.907
"ind_45" 41.46667 -120.33333 1864 -7.65704 27.7503 461.343 35.411 0.89063 0.933086 39.113 94.2268 0.559414 149.626 1.35635 0.656864 2.08526 171.626 168.777 81.8281 90.7125 3.97496 25.3374 9.85017 15.345 -7.39757 6.96432 -1.95614 -1.0838 310.498 475.004 475.004 246.907
"ind_46" 41.46667 -120.33333 1864 -7.65704 27.7503 461.343 35.411 0.89063 0.933086 39.113 94.2268 0.559414 149.626 1.35635 0.656864 2.08526 171.626 168.777 81.8281 90.7125 3.97496 25.3374 9.85017 15.345 -7.39757 6.96432 -1.95614 -1.0838 310.498 475.004 475.004 246.907
"ind_47" 41.46667 -120.33333 1864 -7.65704 27.7503 461.343 35.411 0.89063 0.933086 39.113 94.2268 0.559414 149.626 1.35635 0.656864 2.08526 171.626 168.777 81.8281 90.7125 3.97496 25.3374 9.85017 15.345 -7.39757 6.96432 -1.95614 -1.0838 310.498 475.004 475.004 246.907
"ind_48" 38.34694 -119.37139 2395 -9.88271 23.6931 594.683 34.037 0.742435 1.08708 38.555 69.6276 0.711919 195.974 1.44855 1.03926 1.98047 295.798 148.764 111.566 63.5288 3.99803 22.3941 8.54875 13.8629 -9.68831 4.47548 -4.97127 -5.80727 265.716 369.384 369.384 181.956
"ind_49" 38.34694 -119.37139 2395 -9.88271 23.6931 594.683 34.037 0.742435 1.08708 38.555 69.6276 0.711919 195.974 1.44855 1.03926 1.98047 295.798 148.764 111.566 63.5288 3.99803 22.3941 8.54875 13.8629 -9.68831 4.47548 -4.97127 -5.80727 265.716 369.384 369.384 181.956
"ind_50" 38.34694 -119.37139 2395 -9.88271 23.6931 594.683 34.037 0.742435 1.08708 38.555 69.6276 0.711919 195.974 1.44855 1.03926 1.98047 295.798 148.764 111.566 63.5288 3.99803 22.3941 8.54875 13.8629 -9.68831 4.47548 -4.97127 -5.80727 265.716 369.384 369.384 181.956
"ind_51" 38.34694 -119.37139 2395 -9.88271 23.6931 594.683 34.037 0.742435 1.08708 38.555 69.6276 0.711919 195.974 1.44855 1.03926 1.98047 295.798 148.764 111.566 63.5288 3.99803 22.3941 8.54875 13.8629 -9.68831 4.47548 -4.97127 -5.80727 265.716 369.384 369.384 181.956
"ind_52" 38.34694 -119.37139 2395 -9.88271 23.6931 594.683 34.037 0.742435 1.08708 38.555 69.6276 0.711919 195.974 1.44855 1.03926 1.98047 295.798 148.764 111.566 63.5288 3.99803 22.3941 8.54875 13.8629 -9.68831 4.47548 -4.97127 -5.80727 265.716 369.384 369.384 181.956
"ind_53" 38.34694 -119.37139 2395 -9.88271 23.6931 594.683 34.037 0.742435 1.08708 38.555 69.6276 0.711919 195.974 1.44855 1.03926 1.98047 295.798 148.764 111.566 63.5288 3.99803 22.3941 8.54875 13.8629 -9.68831 4.47548 -4.97127 -5.80727 265.716 369.384 369.384 181.956
"ind_54" 38.34694 -119.37139 2395 -9.88271 23.6931 594.683 34.037 0.742435 1.08708 38.555 69.6276 0.711919 195.974 1.44855 1.03926 1.98047 295.798 148.764 111.566 63.5288 3.99803 22.3941 8.54875 13.8629 -9.68831 4.47548 -4.97127 -5.80727 265.716 369.384 369.384 181.956
"ind_55" 38.34694 -119.37139 2395 -9.88271 23.6931 594.683 34.037 0.742435 1.08708 38.555 69.6276 0.711919 195.974 1.44855 1.03926 1.98047 295.798 148.764 111.566 63.5288 3.99803 22.3941 8.54875 13.8629 -9.68831 4.47548 -4.97127 -5.80727 265.716 369.384 369.384 181.956
"ind_56" 38.34694 -119.37139 2395 -9.88271 23.6931 594.683 34.037 0.742435 1.08708 38.555 69.6276 0.711919 195.974 1.44855 1.03926 1.98047 295.798 148.764 111.566 63.5288 3.99803 22.3941 8.54875 13.8629 -9.68831 4.47548 -4.97127 -5.80727 265.716 369.384 369.384 181.956
"ind_57" 38.34694 -119.37139 2395 -9.88271 23.6931 594.683 34.037 0.742435 1.08708 38.555 69.6276 0.711919 195.974 1.44855 1.03926 1.98047 295.798 148.764 111.566 63.5288 3.99803 22.3941 8.54875 13.8629 -9.68831 4.47548 -4.97127 -5.80727 265.716 369.384 369.384 181.956
"ind_58" 38.34694 -119.37139 2395 -9.88271 23.6931 594.683 34.037 0.742435 1.08708 38.555 69.6276 0.711919 195.974 1.44855 1.03926 1.98047 295.798 148.764 111.566 63.5288 3.99803 22.3941 8.54875 13.8629 -9.68831 4.47548 -4.97127 -5.80727 265.716 369.384 369.384 181.956
"ind_59" 38.72444 -109.30917 1435 -8.48544 34.7831 271.858 44.0798 0.536341 0.464611 59.4686 170.509 0.263745 14.2562 0.960575 0.060448 3.24171 53.655 73.2521 85.4823 4.86402 6.01661 33.6854 17.0292 20.4253 -7.11836 14.9524 3.46203 11.2791 221.068 733.266 733.266 504.741
"ind_60" 38.72444 -109.30917 1435 -8.48544 34.7831 271.858 44.0798 0.536341 0.464611 59.4686 170.509 0.263745 14.2562 0.960575 0.060448 3.24171 53.655 73.2521 85.4823 4.86402 6.01661 33.6854 17.0292 20.4253 -7.11836 14.9524 3.46203 11.2791 221.068 733.266 733.266 504.741
"ind_61" 38.72444 -109.30917 1435 -8.48544 34.7831 271.858 44.0798 0.536341 0.464611 59.4686 170.509 0.263745 14.2562 0.960575 0.060448 3.24171 53.655 73.2521 85.4823 4.86402 6.01661 33.6854 17.0292 20.4253 -7.11836 14.9524 3.46203 11.2791 221.068 733.266 733.266 504.741
"ind_62" 38.72444 -109.30917 1435 -8.48544 34.7831 271.858 44.0798 0.536341 0.464611 59.4686 170.509 0.263745 14.2562 0.960575 0.060448 3.24171 53.655 73.2521 85.4823 4.86402 6.01661 33.6854 17.0292 20.4253 -7.11836 14.9524 3.46203 11.2791 221.068 733.266 733.266 504.741
"ind_63" 38.72444 -109.30917 1435 -8.48544 34.7831 271.858 44.0798 0.536341 0.464611 59.4686 170.509 0.263745 14.2562 0.960575 0.060448 3.24171 53.655 73.2521 85.4823 4.86402 6.01661 33.6854 17.0292 20.4253 -7.11836 14.9524 3.46203 11.2791 221.068 733.266 733.266 504.741
"ind_64" 38.72444 -109.30917 1435 -8.48544 34.7831 271.858 44.0798 0.536341 0.464611 59.4686 170.509 0.263745 14.2562 0.960575 0.060448 3.24171 53.655 73.2521 85.4823 4.86402 6.01661 33.6854 17.0292 20.4253 -7.11836 14.9524 3.46203 11.2791 221.068 733.266 733.266 504.741
"ind_65" 38.72444 -109.30917 1435 -8.48544 34.7831 271.858 44.0798 0.536341 0.464611 59.4686 170.509 0.263745 14.2562 0.960575 0.060448 3.24171 53.655 73.2521 85.4823 4.86402 6.01661 33.6854 17.0292 20.4253 -7.11836 14.9524 3.46203 11.2791 221.068 733.266 733.266 504.741
"ind_66" 38.72444 -109.30917 1435 -8.48544 34.7831 271.858 44.0798 0.536341 0.464611 59.4686 170.509 0.263745 14.2562 0.960575 0.060448 3.24171 53.655 73.2521 85.4823 4.86402 6.01661 33.6854 17.0292 20.4253 -7.11836 14.9524 3.46203 11.2791 221.068 733.266 733.266 504.741
"ind_67" 38.72444 -109.30917 1435 -8.48544 34.7831 271.858 44.0798 0.536341 0.464611 59.4686 170.509 0.263745 14.2562 0.960575 0.060448 3.24171 53.655 73.2521 85.4823 4.86402 6.01661 33.6854 17.0292 20.4253 -7.11836 14.9524 3.46203 11.2791 221.068 733.266 733.266 504.741
"ind_68" 38.72444 -109.30917 1435 -8.48544 34.7831 271.858 44.0798 0.536341 0.464611 59.4686 170.509 0.263745 14.2562 0.960575 0.060448 3.24171 53.655 73.2521 85.4823 4.86402 6.01661 33.6854 17.0292 20.4253 -7.11836 14.9524 3.46203 11.2791 221.068 733.266 733.266 504.741
"ind_69" 38.72444 -109.30917 1435 -8.48544 34.7831 271.858 44.0798 0.536341 0.464611 59.4686 170.509 0.263745 14.2562 0.960575 0.060448 3.24171 53.655 73.2521 85.4823 4.86402 6.01661 33.6854 17.0292 20.4253 -7.11836 14.9524 3.46203 11.2791 221.068 733.266 733.266 504.741
"ind_70" 38.72444 -109.30917 1435 -8.48544 34.7831 271.858 44.0798 0.536341 0.464611 59.4686 170.509 0.263745 14.2562 0.960575 0.060448 3.24171 53.655 73.2521 85.4823 4.86402 6.01661 33.6854 17.0292 20.4253 -7.11836 14.9524 3.46203 11.2791 221.068 733.266 733.266 504.741
"ind_71" 38.72444 -109.30917 1435 -8.48544 34.7831 271.858 44.0798 0.536341 0.464611 59.4686 170.509 0.263745 14.2562 0.960575 0.060448 3.24171 53.655 73.2521 85.4823 4.86402 6.01661 33.6854 17.0292 20.4253 -7.11836 14.9524 3.46203 11.2791 221.068 733.266 733.266 504.741
"ind_72" 38.72444 -109.30917 1435 -8.48544 34.7831 271.858 44.0798 0.536341 0.464611 59.4686 170.509 0.263745 14.2562 0.960575 0.060448 3.24171 53.655 73.2521 85.4823 4.86402 6.01661 33.6854 17.0292 20.4253 -7.11836 14.9524 3.46203 11.2791 221.068 733.266 733.266 504.741
"ind_73" 38.72444 -109.30917 1435 -8.48544 34.7831 271.858 44.0798 0.536341 0.464611 59.4686 170.509 0.263745 14.2562 0.960575 0.060448 3.24171 53.655 73.2521 85.4823 4.86402 6.01661 33.6854 17.0292 20.4253 -7.11836 14.9524 3.46203 11.2791 221.068 733.266 733.266 504.741
"ind_74" 38.72444 -109.30917 1435 -8.48544 34.7831 271.858 44.0798 0.536341 0.464611 59.4686 170.509 0.263745 14.2562 0.960575 0.060448 3.24171 53.655 73.2521 85.4823 4.86402 6.01661 33.6854 17.0292 20.4253 -7.11836 14.9524 3.46203 11.2791 221.068 733.266 733.266 504.741
"ind_75" 38.72444 -109.30917 1435 -8.48544 34.7831 271.858 44.0798 0.536341 0.464611 59.4686 170.509 0.263745 14.2562 0.960575 0.060448 3.24171 53.655 73.2521 85.4823 4.86402 6.01661 33.6854 17.0292 20.4253 -7.11836 14.9524 3.46203 11.2791 221.068 733.266 733.266 504.741
"ind_76" 38.72444 -109.30917 1435 -8.48544 34.7831 271.858 44.0798 0.536341 0.464611 59.4686 170.509 0.263745 14.2562 0.960575 0.060448 3.24171 53.655 73.2521 85.4823 4.86402 6.01661 33.6854 17.0292 20.4253 -7.11836 14.9524 3.46203 11.2791 221.068 733.266 733.266 504.741
"ind_77" 38.72444 -109.30917 1435 -8.48544 34.7831 271.858 44.0798 0.536341 0.464611 59.4686 170.509 0.263745 14.2562 0.960575 0.060448 3.24171 53.655 73.2521 85.4823 4.86402 6.01661 33.6854 17.0292 20.4253 -7.11836 14.9524 3.46203 11.2791 221.068 733.266 733.266 504.741
"ind_78" 40.68778 -119.36056 1217 -6.61104 32.3387 223.697 38.6604 0.741723 0.332103 26.4982 116.218 0.456171 19.7494 1.06768 0.122679 4.07339 85.7538 67.6723 43.7729 15.8805 5.80831 29.9071 14.1373 18.4244 -5.81506 11.0901 1.04266 6.25141 173.65 658.699 658.699 496.181
"ind_79" 40.68778 -119.36056 1217 -6.61104 32.3387 223.697 38.6604 0.741723 0.332103 26.4982 116.218 0.456171 19.7494 1.06768 0.122679 4.07339 85.7538 67.6723 43.7729 15.8805 5.80831 29.9071 14.1373 18.4244 -5.81506 11.0901 1.04266 6.25141 173.65 658.699 658.699 496.181
"ind_80" 40.68778 -119.36056 1217 -6.61104 32.3387 223.697 38.6604 0.741723 0.332103 26.4982 116.218 0.456171 19.7494 1.06768 0.122679 4.07339 85.7538 67.6723 43.7729 15.8805 5.80831 29.9071 14.1373 18.4244 -5.81506 11.0901 1.04266 6.25141 173.65 658.699 658.699 496.181
"ind_81" 40.68778 -119.36056 1217 -6.61104 32.3387 223.697 38.6604 0.741723 0.332103 26.4982 116.218 0.456171 19.7494 1.06768 0.122679 4.07339 85.7538 67.6723 43.7729 15.8805 5.80831 29.9071 14.1373 18.4244 -5.81506 11.0901 1.04266 6.25141 173.65 658.699 658.699 496.181
"ind_82" 40.68778 -119.36056 1217 -6.61104 32.3387 223.697 38.6604 0.741723 0.332103 26.4982 116.218 0.456171 19.7494 1.06768 0.122679 4.07339 85.7538 67.6723 43.7729 15.8805 5.80831 29.9071 14.1373 18.4244 -5.81506 11.0901 1.04266 6.25141 173.65 658.699 658.699 496.181
"ind_83" 40.68778 -119.36056 1217 -6.61104 32.3387 223.697 38.6604 0.741723 0.332103 26.4982 116.218 0.456171 19.7494 1.06768 0.122679 4.07339 85.7538 67.6723 43.7729 15.8805 5.80831 29.9071 14.1373 18.4244 -5.81506 11.0901 1.04266 6.25141 173.65 658.699 658.699 496.181
"ind_84" 40.68778 -119.36056 1217 -6.61104 32.3387 223.697 38.6604 0.741723 0.332103 26.4982 116.218 0.456171 19.7494 1.06768 0.122679 4.07339 85.7538 67.6723 43.7729 15.8805 5.80831 29.9071 14.1373 18.4244 -5.81506 11.0901 1.04266 6.25141 173.65 658.699 658.699 496.181
"ind_85" 40.68778 -119.36056 1217 -6.61104 32.3387 223.697 38.6604 0.741723 0.332103 26.4982 116.218 0.456171 19.7494 1.06768 0.122679 4.07339 85.7538 67.6723 43.7729 15.8805 5.80831 29.9071 14.1373 18.4244 -5.81506 11.0901 1.04266 6.25141 173.65 658.699 658.699 496.181
"ind_86" 40.68778 -119.36056 1217 -6.61104 32.3387 223.697 38.6604 0.741723 0.332103 26.4982 116.218 0.456171 19.7494 1.06768 0.122679 4.07339 85.7538 67.6723 43.7729 15.8805 5.80831 29.9071 14.1373 18.4244 -5.81506 11.0901 1.04266 6.25141 173.65 658.699 658.699 496.181
"ind_87" 40.68778 -119.36056 1217 -6.61104 32.3387 223.697 38.6604 0.741723 0.332103 26.4982 116.218 0.456171 19.7494 1.06768 0.122679 4.07339 85.7538 67.6723 43.7729 15.8805 5.80831 29.9071 14.1373 18.4244 -5.81506 11.0901 1.04266 6.25141 173.65 658.699 658.699 496.181
"ind_88" 40.68778 -119.36056 1217 -6.61104 32.3387 223.697 38.6604 0.741723 0.332103 26.4982 116.218 0.456171 19.7494 1.06768 0.122679 4.07339 85.7538 67.6723 43.7729 15.8805 5.80831 29.9071 14.1373 18.4244 -5.81506 11.0901 1.04266 6.25141 173.65 658.699 658.699 496.181
"ind_89" 40.68778 -119.36056 1217 -6.61104 32.3387 223.697 38.6604 0.741723 0.332103 26.4982 116.218 0.456171 19.7494 1.06768 0.122679 4.07339 85.7538 67.6723 43.7729 15.8805 5.80831 29.9071 14.1373 18.4244 -5.81506 11.0901 1.04266 6.25141 173.65 658.699 658.699 496.181
"ind_90" 38.77353 -119.60447 1914 -6.96184 28.0619 468.831 34.9235 0.359145 0.916856 32.457 74.8037 0.658656 277.502 1.32276 1.09998 2.10659 222.738 112.618 101.018 40.4463 5.78963 26.1128 11.5237 16.4526 -6.62791 7.0865 -1.76017 2.01641 323.966 534.182 534.182 280.66
"ind_91" 38.77353 -119.60447 1914 -6.96184 28.0619 468.831 34.9235 0.359145 0.916856 32.457 74.8037 0.658656 277.502 1.32276 1.09998 2.10659 222.738 112.618 101.018 40.4463 5.78963 26.1128 11.5237 16.4526 -6.62791 7.0865 -1.76017 2.01641 323.966 534.182 534.182 280.66
"ind_92" 38.77353 -119.60447 1914 -6.96184 28.0619 468.831 34.9235 0.359145 0.916856 32.457 74.8037 0.658656 277.502 1.32276 1.09998 2.10659 222.738 112.618 101.018 40.4463 5.78963 26.1128 11.5237 16.4526 -6.62791 7.0865 -1.76017 2.01641 323.966 534.182 534.182 280.66
"ind_93" 38.77353 -119.60447 1914 -6.96184 28.0619 468.831 34.9235 0.359145 0.916856 32.457 74.8037 0.658656 277.502 1.32276 1.09998 2.10659 222.738 112.618 101.018 40.4463 5.78963 26.1128 11.5237 16.4526 -6.62791 7.0865 -1.76017 2.01641 323.966 534.182 534.182 280.66
"ind_94" 38.77353 -119.60447 1914 -6.96184 28.0619 468.831 34.9235 0.359145 0.916856 32.457 74.8037 0.658656 277.502 1.32276 1.09998 2.10659 222.738 112.618 101.018 40.4463 5.78963 26.1128 11.5237 16.4526 -6.62791 7.0865 -1.76017 2.01641 323.966 534.182 534.182 280.66
"ind_95" 38.77353 -119.60447 1914 -6.96184 28.0619 468.831 34.9235 0.359145 0.916856 32.457 74.8037 0.658656 277.502 1.32276 1.09998 2.10659 222.738 112.618 101.018 40.4463 5.78963 26.1128 11.5237 16.4526 -6.62791 7.0865 -1.76017 2.01641 323.966 534.182 534.182 280.66
"ind_96" 38.77353 -119.60447 1914 -6.96184 28.0619 468.831 34.9235 0.359145 0.916856 32.457 74.8037 0.658656 277.502 1.32276 1.09998 2.10659 222.738 112.618 101.018 40.4463 5.78963 26.1128 11.5237 16.4526 -6.62791 7.0865 -1.76017 2.01641 323.966 534.182 534.182 280.66
"ind_97" 38.77353 -119.60447 1914 -6.96184 28.0619 468.831 34.9235 0.359145 0.916856 32.457 74.8037 0.658656 277.502 1.32276 1.09998 2.10659 222.738 112.618 101.018 40.4463 5.78963 26.1128 11.5237 16.4526 -6.62791 7.0865 -1.76017 2.01641 323.966 534.182 534.182 280.66
"ind_98" 38.77353 -119.60447 1914 -6.96184 28.0619 468.831 34.9235 0.359145 0.916856 32.457 74.8037 0.658656 277.502 1.32276 1.09998 2.10659 222.738 112.618 101.018 40.4463 5.78963 26.1128 11.5237 16.4526 -6.62791 7.0865 -1.76017 2.01641 323.966 534.182 534.182 280.66
"ind_99" 38.77353 -119.60447 1914 -6.96184 28.0619 468.831 34.9235 0.359145 0.916856 32.457 74.8037 0.658656 277.502 1.32276 1.09998 2.10659 222.738 112.618 101.018 40.4463 5.78963 26.1128 11.5237 16.4526 -6.62791 7.0865 -1.76017 2.01641 323.966 534.182 534.182 280.66
"ind_100" 38.77353 -119.60447 1914 -6.96184 28.0619 468.831 34.9235 0.359145 0.916856 32.457 74.8037 0.658656 277.502 1.32276 1.09998 2.10659 222.738 112.618 101.018 40.4463 5.78963 26.1128 11.5237 16.4526 -6.62791 7.0865 -1.76017 2.01641 323.966 534.182 534.182 280.66
"ind_101" 38.77353 -119.60447 1914 -6.96184 28.0619 468.831 34.9235 0.359145 0.916856 32.457 74.8037 0.658656 277.502 1.32276 1.09998 2.10659 222.738 112.618 101.018 40.4463 5.78963 26.1128 11.5237 16.4526 -6.62791 7.0865 -1.76017 2.01641 323.966 534.182 534.182 280.66
"ind_102" 39.88 -119.5131 1195 -4.99904 32.2591 179.178 37.1 0.662265 0.259958 20.4608 95.8587 0.475494 18.0952 1.07249 0.125288 4.92402 72.2426 48.9338 37.5405 13.4174 7.185 30.126 14.9268 18.943 -4.29919 12.0844 2.2366 9.34378 153.689 697.681 697.681 555.448
"ind_103" 39.88 -119.5131 1195 -4.99904 32.2591 179.178 37.1 0.662265 0.259958 20.4608 95.8587 0.475494 18.0952 1.07249 0.125288 4.92402 72.2426 48.9338 37.5405 13.4174 7.185 30.126 14.9268 18.943 -4.29919 12.0844 2.2366 9.34378 153.689 697.681 697.681 555.448
"ind_104" 39.88 -119.5131 1195 -4.99904 32.2591 179.178 37.1 0.662265 0.259958 20.4608 95.8587 0.475494 18.0952 1.07249 0.125288 4.92402 72.2426 48.9338 37.5405 13.4174 7.185 30.126 14.9268 18.943 -4.29919 12.0844 2.2366 9.34378 153.689 697.681 697.681 555.448
"ind_105" 39.88 -119.5131 1195 -4.99904 32.2591 179.178 37.1 0.662265 0.259958 20.4608 95.8587 0.475494 18.0952 1.07249 0.125288 4.92402 72.2426 48.9338 37.5405 13.4174 7.185 30.126 14.9268 18.943 -4.29919 12.0844 2.2366 9.34378 153.689 697.681 697.681 555.448
"ind_106" 39.88 -119.5131 1195 -4.99904 32.2591 179.178 37.1 0.662265 0.259958 20.4608 95.8587 0.475494 18.0952 1.07249 0.125288 4.92402 72.2426 48.9338 37.5405 13.4174 7.185 30.126 14.9268 18.943 -4.29919 12.0844 2.2366 9.34378 153.689 697.681 697.681 555.448
"ind_107" 39.88 -119.5131 1195 -4.99904 32.2591 179.178 37.1 0.662265 0.259958 20.4608 95.8587 0.475494 18.0952 1.07249 0.125288 4.92402 72.2426 48.9338 37.5405 13.4174 7.185 30.126 14.9268 18.943 -4.29919 12.0844 2.2366 9.34378 153.689 697.681 697.681 555.448
"ind_108" 39.88 -119.5131 1195 -4.99904 32.2591 179.178 37.1 0.662265 0.259958 20.4608 95.8587 0.475494 18.0952 1.07249 0.125288 4.92402 72.2426 48.9338 37.5405 13.4174 7.185 30.126 14.9268 18.943 -4.29919 12.0844 2.2366 9.34378 153.689 697.681 697.681 555.448
"ind_109" 39.88 -119.5131 1195 -4.99904 32.2591 179.178 37.1 0.662265 0.259958 20.4608 95.8587 0.475494 18.0952 1.07249 0.125288 4.92402 72.2426 48.9338 37.5405 13.4174 7.185 30.126 14.9268 18.943 -4.29919 12.0844 2.2366 9.34378 153.689 697.681 697.681 555.448
"ind_110" 38.85144 -120.02065 1934 -8.63064 26.1535 864.818 34.9294 0.612777 1.74543 38.3965 79.0882 0.747055 517.754 1.86815 1.89366 1.6216 428.311 224.095 174.016 118.352 5.64264 24.5733 10.5256 16.0261 -8.09044 4.38834 -3.1758 -4.8887 515.715 440.816 440.816 167.069
"ind_111" 38.85144 -120.02065 1934 -8.63064 26.1535 864.818 34.9294 0.612777 1.74543 38.3965 79.0882 0.747055 517.754 1.86815 1.89366 1.6216 428.311 224.095 174.016 118.352 5.64264 24.5733 10.5256 16.0261 -8.09044 4.38834 -3.1758 -4.8887 515.715 440.816 440.816 167.069
"ind_112" 38.85144 -120.02065 1934 -8.63064 26.1535 864.818 34.9294 0.612777 1.74543 38.3965 79.0882 0.747055 517.754 1.86815 1.89366 1.6216 428.311 224.095 174.016 118.352 5.64264 24.5733 10.5256 16.0261 -8.09044 4.38834 -3.1758 -4.8887 515.715 440.816 440.816 167.069
"ind_113" 38.85144 -120.02065 1934 -8.63064 26.1535 864.818 34.9294 0.612777 1.74543 38.3965 79.0882 0.747055 517.754 1.86815 1.89366 1.6216 428.311 224.095 174.016 118.352 5.64264 24.5733 10.5256 16.0261 -8.09044 4.38834 -3.1758 -4.8887 515.715 440.816 440.816 167.069
"ind_114" 38.85144 -120.02065 1934 -8.63064 26.1535 864.818 34.9294 0.612777 1.74543 38.3965 79.0882 0.747055 517.754 1.86815 1.89366 1.6216 428.311 224.095 174.016 118.352 5.64264 24.5733 10.5256 16.0261 -8.09044 4.38834 -3.1758 -4.8887 515.715 440.816 440.816 167.069
"ind_115" 38.85144 -120.02065 1934 -8.63064 26.1535 864.818 34.9294 0.612777 1.74543 38.3965 79.0882 0.747055 517.754 1.86815 1.89366 1.6216 428.311 224.095 174.016 118.352 5.64264 24.5733 10.5256 16.0261 -8.09044 4.38834 -3.1758 -4.8887 515.715 440.816 440.816 167.069
"ind_116" 38.85144 -120.02065 1934 -8.63064 26.1535 864.818 34.9294 0.612777 1.74543 38.3965 79.0882 0.747055 517.754 1.86815 1.89366 1.6216 428.311 224.095 174.016 118.352 5.64264 24.5733 10.5256 16.0261 -8.09044 4.38834 -3.1758 -4.8887 515.715 440.816 440.816 167.069
"ind_117" 38.85144 -120.02065 1934 -8.63064 26.1535 864.818 34.9294 0.612777 1.74543 38.3965 79.0882 0.747055 517.754 1.86815 1.89366 1.6216 428.311 224.095 174.016 118.352 5.64264 24.5733 10.5256 16.0261 -8.09044 4.38834 -3.1758 -4.8887 515.715 440.816 440.816 167.069
"ind_118" 38.85144 -120.02065 1934 -8.63064 26.1535 864.818 34.9294 0.612777 1.74543 38.3965 79.0882 0.747055 517.754 1.86815 1.89366 1.6216 428.311 224.095 174.016 118.352 5.64264 24.5733 10.5256 16.0261 -8.09044 4.38834 -3.1758 -4.8887 515.715 440.816 440.816 167.069
"ind_119" 38.85144 -120.02065 1934 -8.63064 26.1535 864.818 34.9294 0.612777 1.74543 38.3965 79.0882 0.747055 517.754 1.86815 1.89366 1.6216 428.311 224.095 174.016 118.352 5.64264 24.5733 10.5256 16.0261 -8.09044 4.38834 -3.1758 -4.8887 515.715 440.816 440.816 167.069
"ind_120" 38.85144 -120.02065 1934 -8.63064 26.1535 864.818 34.9294 0.612777 1.74543 38.3965 79.0882 0.747055 517.754 1.86815 1.89366 1.6216 428.311 224.095 174.016 118.352 5.64264 24.5733 10.5256 16.0261 -8.09044 4.38834 -3.1758 -4.8887 515.715 440.816 440.816 167.069
"ind_121" 38.85144 -120.02065 1934 -8.63064 26.1535 864.818 34.9294 0.612777 1.74543 38.3965 79.0882 0.747055 517.754 1.86815 1.89366 1.6216 428.311 224.095 174.016 118.352 5.64264 24.5733 10.5256 16.0261 -8.09044 4.38834 -3.1758 -4.8887 515.715 440.816 440.816 167.069
"ind_122" 38.85144 -120.02065 1934 -8.63064 26.1535 864.818 34.9294 0.612777 1.74543 38.3965 79.0882 0.747055 517.754 1.86815 1.89366 1.6216 428.311 224.095 174.016 118.352 5.64264 24.5733 10.5256 16.0261 -8.09044 4.38834 -3.1758 -4.8887 515.715 440.816 440.816 167.069
"ind_123" 38.85144 -120.02065 1934 -8.63064 26.1535 864.818 34.9294 0.612777 1.74543 38.3965 79.0882 0.747055 517.754 1.86815 1.89366 1.6216 428.311 224.095 174.016 118.352 5.64264 24.5733 10.5256 16.0261 -8.09044 4.38834 -3.1758 -4.8887 515.715 440.816 440.816 167.069
"ind_124" 38.85144 -120.02065 1934 -8.63064 26.1535 864.818 34.9294 0.612777 1.74543 38.3965 79.0882 0.747055 517.754 1.86815 1.89366 1.6216 428.311 224.095 174.016 118.352 5.64264 24.5733 10.5256 16.0261 -8.09044 4.38834 -3.1758 -4.8887 515.715 440.816 440.816 167.069
"ind_125" 38.85144 -120.02065 1934 -8.63064 26.1535 864.818 34.9294 0.612777 1.74543 38.3965 79.0882 0.747055 517.754 1.86815 1.89366 1.6216 428.311 224.095 174.016 118.352 5.64264 24.5733 10.5256 16.0261 -8.09044 4.38834 -3.1758 -4.8887 515.715 440.816 440.816 167.069
"ind_126" 38.85144 -120.02065 1934 -8.63064 26.1535 864.818 34.9294 0.612777 1.74543 38.3965 79.0882 0.747055 517.754 1.86815 1.89366 1.6216 428.311 224.095 174.016 118.352 5.64264 24.5733 10.5256 16.0261 -8.09044 4.38834 -3.1758 -4.8887 515.715 440.816 440.816 167.069
"ind_127" 38.85144 -120.02065 1934 -8.63064 26.1535 864.818 34.9294 0.612777 1.74543 38.3965 79.0882 0.747055 517.754 1.86815 1.89366 1.6216 428.311 224.095 174.016 118.352 5.64264 24.5733 10.5256 16.0261 -8.09044 4.38834 -3.1758 -4.8887 515.715 440.816 440.816 167.069
"ind_128" 38.6975 -119.8567 1838 -7.88987 24.6091 942.839 32.8893 0.758008 1.57827 41.8309 121.121 0.717165 197.584 2.21096 0.748297 1.70813 461.395 245.432 194.181 284.239 5.1527 23.5159 10.0253 15.1209 -7.25487 6.48557 -2.95901 0.192949 553.393 451.253 451.253 184.754
"ind_129" 38.6975 -119.8567 1838 -7.88987 24.6091 942.839 32.8893 0.758008 1.57827 41.8309 121.121 0.717165 197.584 2.21096 0.748297 1.70813 461.395 245.432 194.181 284.239 5.1527 23.5159 10.0253 15.1209 -7.25487 6.48557 -2.95901 0.192949 553.393 451.253 451.253 184.754
"ind_130" 38.6975 -119.8567 1838 -7.88987 24.6091 942.839 32.8893 0.758008 1.57827 41.8309 121.121 0.717165 197.584 2.21096 0.748297 1.70813 461.395 245.432 194.181 284.239 5.1527 23.5159 10.0253 15.1209 -7.25487 6.48557 -2.95901 0.192949 553.393 451.253 451.253 184.754
"ind_131" 38.6975 -119.8567 1838 -7.88987 24.6091 942.839 32.8893 0.758008 1.57827 41.8309 121.121 0.717165 197.584 2.21096 0.748297 1.70813 461.395 245.432 194.181 284.239 5.1527 23.5159 10.0253 15.1209 -7.25487 6.48557 -2.95901 0.192949 553.393 451.253 451.253 184.754
"ind_132" 38.6975 -119.8567 1838 -7.88987 24.6091 942.839 32.8893 0.758008 1.57827 41.8309 121.121 0.717165 197.584 2.21096 0.748297 1.70813 461.395 245.432 194.181 284.239 5.1527 23.5159 10.0253 15.1209 -7.25487 6.48557 -2.95901 0.192949 553.393 451.253 451.253 184.754
"ind_133" 38.6975 -119.8567 1838 -7.88987 24.6091 942.839 32.8893 0.758008 1.57827 41.8309 121.121 0.717165 197.584 2.21096 0.748297 1.70813 461.395 245.432 194.181 284.239 5.1527 23.5159 10.0253 15.1209 -7.25487 6.48557 -2.95901 0.192949 553.393 451.253 451.253 184.754
"ind_134" 38.6975 -119.8567 1838 -7.88987 24.6091 942.839 32.8893 0.758008 1.57827 41.8309 121.121 0.717165 197.584 2.21096 0.748297 1.70813 461.395 245.432 194.181 284.239 5.1527 23.5159 10.0253 15.1209 -7.25487 6.48557 -2.95901 0.192949 553.393 451.253 451.253 184.754
"ind_135" 38.6975 -119.8567 1838 -7.88987 24.6091 942.839 32.8893 0.758008 1.57827 41.8309 121.121 0.717165 197.584 2.21096 0.748297 1.70813 461.395 245.432 194.181 284.239 5.1527 23.5159 10.0253 15.1209 -7.25487 6.48557 -2.95901 0.192949 553.393 451.253 451.253 184.754
"ind_136" 42.68372 -120.57216 1449 -6.80984 28.1459 316.279 35.1201 0.797519 0.627518 41.5772 97.4374 0.42635 78.3564 1.15802 0.407705 2.61936 114.179 93.9367 66.5854 35.8037 4.92326 26.4209 11.663 16.2593 -6.43698 6.51217 -1.54192 -0.626414 221.589 502.188 502.188 309.875
"ind_137" 42.68372 -120.57216 1449 -6.80984 28.1459 316.279 35.1201 0.797519 0.627518 41.5772 97.4374 0.42635 78.3564 1.15802 0.407705 2.61936 114.179 93.9367 66.5854 35.8037 4.92326 26.4209 11.663 16.2593 -6.43698 6.51217 -1.54192 -0.626414 221.589 502.188 502.188 309.875
"ind_138" 42.68372 -120.57216 1449 -6.80984 28.1459 316.279 35.1201 0.797519 0.627518 41.5772 97.4374 0.42635 78.3564 1.15802 0.407705 2.61936 114.179 93.9367 66.5854 35.8037 4.92326 26.4209 11.663 16.2593 -6.43698 6.51217 -1.54192 -0.626414 221.589 502.188 502.188 309.875
"ind_139" 42.68372 -120.57216 1449 -6.80984 28.1459 316.279 35.1201 0.797519 0.627518 41.5772 97.4374 0.42635 78.3564 1.15802 0.407705 2.61936 114.179 93.9367 66.5854 35.8037 4.92326 26.4209 11.663 16.2593 -6.43698 6.51217 -1.54192 -0.626414 221.589 502.188 502.188 309.875
"ind_140" 42.68372 -120.57216 1449 -6.80984 28.1459 316.279 35.1201 0.797519 0.627518 41.5772 97.4374 0.42635 78.3564 1.15802 0.407705 2.61936 114.179 93.9367 66.5854 35.8037 4.92326 26.4209 11.663 16.2593 -6.43698 6.51217 -1.54192 -0.626414 221.589 502.188 502.188 309.875
"ind_141" 42.68372 -120.57216 1449 -6.80984 28.1459 316.279 35.1201 0.797519 0.627518 41.5772 97.4374 0.42635 78.3564 1.15802 0.407705 2.61936 114.179 93.9367 66.5854 35.8037 4.92326 26.4209 11.663 16.2593 -6.43698 6.51217 -1.54192 -0.626414 221.589 502.188 502.188 309.875
"ind_142" 42.68372 -120.57216 1449 -6.80984 28.1459 316.279 35.1201 0.797519 0.627518 41.5772 97.4374 0.42635 78.3564 1.15802 0.407705 2.61936 114.179 93.9367 66.5854 35.8037 4.92326 26.4209 11.663 16.2593 -6.43698 6.51217 -1.54192 -0.626414 221.589 502.188 502.188 309.875
"ind_143" 42.68372 -120.57216 1449 -6.80984 28.1459 316.279 35.1201 0.797519 0.627518 41.5772 97.4374 0.42635 78.3564 1.15802 0.407705 2.61936 114.179 93.9367 66.5854 35.8037 4.92326 26.4209 11.663 16.2593 -6.43698 6.51217 -1.54192 -0.626414 221.589 502.188 502.188 309.875
"ind_144" 42.68372 -120.57216 1449 -6.80984 28.1459 316.279 35.1201 0.797519 0.627518 41.5772 97.4374 0.42635 78.3564 1.15802 0.407705 2.61936 114.179 93.9367 66.5854 35.8037 4.92326 26.4209 11.663 16.2593 -6.43698 6.51217 -1.54192 -0.626414 221.589 502.188 502.188 309.875
"ind_145" 42.68372 -120.57216 1449 -6.80984 28.1459 316.279 35.1201 0.797519 0.627518 41.5772 97.4374 0.42635 78.3564 1.15802 0.407705 2.61936 114.179 93.9367 66.5854 35.8037 4.92326 26.4209 11.663 16.2593 -6.43698 6.51217 -1.54192 -0.626414 221.589 502.188 502.188 309.875
"ind_146" 42.68372 -120.57216 1449 -6.80984 28.1459 316.279 35.1201 0.797519 0.627518 41.5772 97.4374 0.42635 78.3564 1.15802 0.407705 2.61936 114.179 93.9367 66.5854 35.8037 4.92326 26.4209 11.663 16.2593 -6.43698 6.51217 -1.54192 -0.626414 221.589 502.188 502.188 309.875
"ind_147" 42.68372 -120.57216 1449 -6.80984 28.1459 316.279 35.1201 0.797519 0.627518 41.5772 97.4374 0.42635 78.3564 1.15802 0.407705 2.61936 114.179 93.9367 66.5854 35.8037 4.92326 26.4209 11.663 16.2593 -6.43698 6.51217 -1.54192 -0.626414 221.589 502.188 502.188 309.875
"ind_148" 42.68372 -120.57216 1449 -6.80984 28.1459 316.279 35.1201 0.797519 0.627518 41.5772 97.4374 0.42635 78.3564 1.15802 0.407705 2.61936 114.179 93.9367 66.5854 35.8037 4.92326 26.4209 11.663 16.2593 -6.43698 6.51217 -1.54192 -0.626414 221.589 502.188 502.188 309.875
"ind_149" 42.68372 -120.57216 1449 -6.80984 28.1459 316.279 35.1201 0.797519 0.627518 41.5772 97.4374 0.42635 78.3564 1.15802 0.407705 2.61936 114.179 93.9367 66.5854 35.8037 4.92326 26.4209 11.663 16.2593 -6.43698 6.51217 -1.54192 -0.626414 221.589 502.188 502.188 309.875
"ind_150" 42.68372 -120.57216 1449 -6.80984 28.1459 316.279 35.1201 0.797519 0.627518 41.5772 97.4374 0.42635 78.3564 1.15802 0.407705 2.61936 114.179 93.9367 66.5854 35.8037 4.92326 26.4209 11.663 16.2593 -6.43698 6.51217 -1.54192 -0.626414 221.589 502.188 502.188 309.875
"ind_151" 42.68372 -120.57216 1449 -6.80984 28.1459 316.279 35.1201 0.797519 0.627518 41.5772 97.4374 0.42635 78.3564 1.15802 0.407705 2.61936 114.179 93.9367 66.5854 35.8037 4.92326 26.4209 11.663 16.2593 -6.43698 6.51217 -1.54192 -0.626414 221.589 502.188 502.188 309.875
"ind_152" 39.38361 -119.63833 1788 -4.86424 28.6847 378.869 33.6424 0.645929 0.579841 22.9273 91.0336 0.752258 165.687 1.24528 0.711458 2.73064 195.898 86.5264 73.5181 57.3348 5.81259 26.916 12.0026 16.8932 -4.37527 11.2225 1.18096 10.6758 292.609 634.834 634.834 401.99
"ind_153" 39.38361 -119.63833 1788 -4.86424 28.6847 378.869 33.6424 0.645929 0.579841 22.9273 91.0336 0.752258 165.687 1.24528 0.711458 2.73064 195.898 86.5264 73.5181 57.3348 5.81259 26.916 12.0026 16.8932 -4.37527 11.2225 1.18096 10.6758 292.609 634.834 634.834 401.99
"ind_154" 39.38361 -119.63833 1788 -4.86424 28.6847 378.869 33.6424 0.645929 0.579841 22.9273 91.0336 0.752258 165.687 1.24528 0.711458 2.73064 195.898 86.5264 73.5181 57.3348 5.81259 26.916 12.0026 16.8932 -4.37527 11.2225 1.18096 10.6758 292.609 634.834 634.834 401.99
"ind_155" 39.38361 -119.63833 1788 -4.86424 28.6847 378.869 33.6424 0.645929 0.579841 22.9273 91.0336 0.752258 165.687 1.24528 0.711458 2.73064 195.898 86.5264 73.5181 57.3348 5.81259 26.916 12.0026 16.8932 -4.37527 11.2225 1.18096 10.6758 292.609 634.834 634.834 401.99
"ind_156" 39.38361 -119.63833 1788 -4.86424 28.6847 378.869 33.6424 0.645929 0.579841 22.9273 91.0336 0.752258 165.687 1.24528 0.711458 2.73064 195.898 86.5264 73.5181 57.3348 5.81259 26.916 12.0026 16.8932 -4.37527 11.2225 1.18096 10.6758 292.609 634.834 634.834 401.99
"ind_157" 39.38361 -119.63833 1788 -4.86424 28.6847 378.869 33.6424 0.645929 0.579841 22.9273 91.0336 0.752258 165.687 1.24528 0.711458 2.73064 195.898 86.5264 73.5181 57.3348 5.81259 26.916 12.0026 16.8932 -4.37527 11.2225 1.18096 10.6758 292.609 634.834 634.834 401.99
"ind_158" 39.38361 -119.63833 1788 -4.86424 28.6847 378.869 33.6424 0.645929 0.579841 22.9273 91.0336 0.752258 165.687 1.24528 0.711458 2.73064 195.898 86.5264 73.5181 57.3348 5.81259 26.916 12.0026 16.8932 -4.37527 11.2225 1.18096 10.6758 292.609 634.834 634.834 401.99
"ind_159" 39.38361 -119.63833 1788 -4.86424 28.6847 378.869 33.6424 0.645929 0.579841 22.9273 91.0336 0.752258 165.687 1.24528 0.711458 2.73064 195.898 86.5264 73.5181 57.3348 5.81259 26.916 12.0026 16.8932 -4.37527 11.2225 1.18096 10.6758 292.609 634.834 634.834 401.99
"ind_160" 39.38361 -119.63833 1788 -4.86424 28.6847 378.869 33.6424 0.645929 0.579841 22.9273 91.0336 0.752258 165.687 1.24528 0.711458 2.73064 195.898 86.5264 73.5181 57.3348 5.81259 26.916 12.0026 16.8932 -4.37527 11.2225 1.18096 10.6758 292.609 634.834 634.834 401.99
"ind_161" 39.38361 -119.63833 1788 -4.86424 28.6847 378.869 33.6424 0.645929 0.579841 22.9273 91.0336 0.752258 165.687 1.24528 0.711458 2.73064 195.898 86.5264 73.5181 57.3348 5.81259 26.916 12.0026 16.8932 -4.37527 11.2225 1.18096 10.6758 292.609 634.834 634.834 401.99
"ind_162" 38.86889 -117.59611 2097 -8.28947 29.4443 235.193 37.8643 0.93273 0.539486 50.6297 138.751 0.23382 22.8226 1.00575 0.122048 2.87937 56.1358 79.2293 49.1977 10.3136 5.31499 27.4148 11.6316 16.386 -7.90643 8.80964 -1.14739 0.41763 187.096 535.217 535.217 348.901
"ind_163" 38.86889 -117.59611 2097 -8.28947 29.4443 235.193 37.8643 0.93273 0.539486 50.6297 138.751 0.23382 22.8226 1.00575 0.122048 2.87937 56.1358 79.2293 49.1977 10.3136 5.31499 27.4148 11.6316 16.386 -7.90643 8.80964 -1.14739 0.41763 187.096 535.217 535.217 348.901
"ind_164" 38.86889 -117.59611 2097 -8.28947 29.4443 235.193 37.8643 0.93273 0.539486 50.6297 138.751 0.23382 22.8226 1.00575 0.122048 2.87937 56.1358 79.2293 49.1977 10.3136 5.31499 27.4148 11.6316 16.386 -7.90643 8.80964 -1.14739 0.41763 187.096 535.217 535.217 348.901
"ind_165" 38.86889 -117.59611 2097 -8.28947 29.4443 235.193 37.8643 0.93273 0.539486 50.6297 138.751 0.23382 22.8226 1.00575 0.122048 2.87937 56.1358 79.2293 49.1977 10.3136 5.31499 27.4148 11.6316 16.386 -7.90643 8.80964 -1.14739 0.41763 187.096 535.217 535.217 348.901
"ind_166" 38.86889 -117.59611 2097 -8.28947 29.4443 235.193 37.8643 0.93273 0.539486 50.6297 138.751 0.23382 22.8226 1.00575 0.122048 2.87937 56.1358 79.2293 49.1977 10.3136 5.31499 27.4148 11.6316 16.386 -7.90643 8.80964 -1.14739 0.41763 187.096 535.217 535.217 348.901
"ind_167" 38.86889 -117.59611 2097 -8.28947 29.4443 235.193 37.8643 0.93273 0.539486 50.6297 138.751 0.23382 22.8226 1.00575 0.122048 2.87937 56.1358 79.2293 49.1977 10.3136 5.31499 27.4148 11.6316 16.386 -7.90643 8.80964 -1.14739 0.41763 187.096 535.217 535.217 348.901
"ind_168" 38.86889 -117.59611 2097 -8.28947 29.4443 235.193 37.8643 0.93273 0.539486 50.6297 138.751 0.23382 22.8226 1.00575 0.122048 2.87937 56.1358 79.2293 49.1977 10.3136 5.31499 27.4148 11.6316 16.386 -7.90643 8.80964 -1.14739 0.41763 187.096 535.217 535.217 348.901
"ind_169" 38.86889 -117.59611 2097 -8.28947 29.4443 235.193 37.8643 0.93273 0.539486 50.6297 138.751 0.23382 22.8226 1.00575 0.122048 2.87937 56.1358 79.2293 49.1977 10.3136 5.31499 27.4148 11.6316 16.386 -7.90643 8.80964 -1.14739 0.41763 187.096 535.217 535.217 348.901
"ind_170" 38.86889 -117.59611 2097 -8.28947 29.4443 235.193 37.8643 0.93273 0.539486 50.6297 138.751 0.23382 22.8226 1.00575 0.122048 2.87937 56.1358 79.2293 49.1977 10.3136 5.31499 27.4148 11.6316 16.386 -7.90643 8.80964 -1.14739 0.41763 187.096 535.217 535.217 348.901
"ind_171" 38.86889 -117.59611 2097 -8.28947 29.4443 235.193 37.8643 0.93273 0.539486 50.6297 138.751 0.23382 22.8226 1.00575 0.122048 2.87937 56.1358 79.2293 49.1977 10.3136 5.31499 27.4148 11.6316 16.386 -7.90643 8.80964 -1.14739 0.41763 187.096 535.217 535.217 348.901
"ind_172" 38.86889 -117.59611 2097 -8.28947 29.4443 235.193 37.8643 0.93273 0.539486 50.6297 138.751 0.23382 22.8226 1.00575 0.122048 2.87937 56.1358 79.2293 49.1977 10.3136 5.31499 27.4148 11.6316 16.386 -7.90643 8.80964 -1.14739 0.41763 187.096 535.217 535.217 348.901
"ind_173" 38.86889 -117.59611 2097 -8.28947 29.4443 235.193 37.8643 0.93273 0.539486 50.6297 138.751 0.23382 22.8226 1.00575 0.122048 2.87937 56.1358 79.2293 49.1977 10.3136 5.31499 27.4148 11.6316 16.386 -7.90643 8.80964 -1.14739 0.41763 187.096 535.217 535.217 348.901
"ind_174" 38.86889 -117.59611 2097 -8.28947 29.4443 235.193 37.8643 0.93273 0.539486 50.6297 138.751 0.23382 22.8226 1.00575 0.122048 2.87937 56.1358 79.2293 49.1977 10.3136 5.31499 27.4148 11.6316 16.386 -7.90643 8.80964 -1.14739 0.41763 187.096 535.217 535.217 348.901
"ind_175" 38.86889 -117.59611 2097 -8.28947 29.4443 235.193 37.8643 0.93273 0.539486 50.6297 138.751 0.23382 22.8226 1.00575 0.122048 2.87937 56.1358 79.2293 49.1977 10.3136 5.31499 27.4148 11.6316 16.386 -7.90643 8.80964 -1.14739 0.41763 187.096 535.217 535.217 348.901
"ind_176" 38.86889 -117.59611 2097 -8.28947 29.4443 235.193 37.8643 0.93273 0.539486 50.6297 138.751 0.23382 22.8226 1.00575 0.122048 2.87937 56.1358 79.2293 49.1977 10.3136 5.31499 27.4148 11.6316 16.386 -7.90643 8.80964 -1.14739 0.41763 187.096 535.217 535.217 348.901
"ind_177" 38.86889 -117.59611 2097 -8.28947 29.4443 235.193 37.8643 0.93273 0.539486 50.6297 138.751 0.23382 22.8226 1.00575 0.122048 2.87937 56.1358 79.2293 49.1977 10.3136 5.31499 27.4148 11.6316 16.386 -7.90643 8.80964 -1.14739 0.41763 187.096 535.217 535.217 348.901
"ind_178" 38.86889 -117.59611 2097 -8.28947 29.4443 235.193 37.8643 0.93273 0.539486 50.6297 138.751 0.23382 22.8226 1.00575 0.122048 2.87937 56.1358 79.2293 49.1977 10.3136 5.31499 27.4148 11.6316 16.386 -7.90643 8.80964 -1.14739 0.41763 187.096 535.217 535.217 348.901
"ind_179" 38.86889 -117.59611 2097 -8.28947 29.4443 235.193 37.8643 0.93273 0.539486 50.6297 138.751 0.23382 22.8226 1.00575 0.122048 2.87937 56.1358 79.2293 49.1977 10.3136 5.31499 27.4148 11.6316 16.386 -7.90643 8.80964 -1.14739 0.41763 187.096 535.217 535.217 348.901
"ind_180" 38.86889 -117.59611 2097 -8.28947 29.4443 235.193 37.8643 0.93273 0.539486 50.6297 138.751 0.23382 22.8226 1.00575 0.122048 2.87937 56.1358 79.2293 49.1977 10.3136 5.31499 27.4148 11.6316 16.386 -7.90643 8.80964 -1.14739 0.41763 187.096 535.217 535.217 348.901
"ind_181" 38.89222 -117.7775 2074 -8.35912 29.5403 228.498 37.7728 0.876385 0.484046 47.5325 132.535 0.233382 20.6965 1.02988 0.117022 3.07081 56.2016 77.0072 47.7562 10.5184 5.45084 27.4087 11.6883 16.2701 -7.97185 8.63865 -1.58101 -0.299929 181.558 540.943 540.943 364.747
"ind_182" 38.89222 -117.7775 2074 -8.35912 29.5403 228.498 37.7728 0.876385 0.484046 47.5325 132.535 0.233382 20.6965 1.02988 0.117022 3.07081 56.2016 77.0072 47.7562 10.5184 5.45084 27.4087 11.6883 16.2701 -7.97185 8.63865 -1.58101 -0.299929 181.558 540.943 540.943 364.747
"ind_183" 38.89222 -117.7775 2074 -8.35912 29.5403 228.498 37.7728 0.876385 0.484046 47.5325 132.535 0.233382 20.6965 1.02988 0.117022 3.07081 56.2016 77.0072 47.7562 10.5184 5.45084 27.4087 11.6883 16.2701 -7.97185 8.63865 -1.58101 -0.299929 181.558 540.943 540.943 364.747
"ind_184" 38.89222 -117.7775 2074 -8.35912 29.5403 228.498 37.7728 0.876385 0.484046 47.5325 132.535 0.233382 20.6965 1.02988 0.117022 3.07081 56.2016 77.0072 47.7562 10.5184 5.45084 27.4087 11.6883 16.2701 -7.97185 8.63865 -1.58101 -0.299929 181.558 540.943 540.943 364.747
"ind_185" 38.89222 -117.7775 2074 -8.35912 29.5403 228.498 37.7728 0.876385 0.484046 47.5325 132.535 0.233382 20.6965 1.02988 0.117022 3.07081 56.2016 77.0072 47.7562 10.5184 5.45084 27.4087 11.6883 16.2701 -7.97185 8.63865 -1.58101 -0.299929 181.558 540.943 540.943 364.747
"ind_186" 38.89222 -117.7775 2074 -8.35912 29.5403 228.498 37.7728 0.876385 0.484046 47.5325 132.535 0.233382 20.6965 1.02988 0.117022 3.07081 56.2016 77.0072 47.7562 10.5184 5.45084 27.4087 11.6883 16.2701 -7.97185 8.63865 -1.58101 -0.299929 181.558 540.943 540.943 364.747
"ind_187" 38.89222 -117.7775 2074 -8.35912 29.5403 228.498 37.7728 0.876385 0.484046 47.5325 132.535 0.233382 20.6965 1.02988 0.117022 3.07081 56.2016 77.0072 47.7562 10.5184 5.45084 27.4087 11.6883 16.2701 -7.97185 8.63865 -1.58101 -0.299929 181.558 540.943 540.943 364.747
"ind_188" 38.89222 -117.7775 2074 -8.35912 29.5403 228.498 37.7728 0.876385 0.484046 47.5325 132.535 0.233382 20.6965 1.02988 0.117022 3.07081 56.2016 77.0072 47.7562 10.5184 5.45084 27.4087 11.6883 16.2701 -7.97185 8.63865 -1.58101 -0.299929 181.558 540.943 540.943 364.747
"ind_189" 38.89222 -117.7775 2074 -8.35912 29.5403 228.498 37.7728 0.876385 0.484046 47.5325 132.535 0.233382 20.6965 1.02988 0.117022 3.07081 56.2016 77.0072 47.7562 10.5184 5.45084 27.4087 11.6883 16.2701 -7.97185 8.63865 -1.58101 -0.299929 181.558 540.943 540.943 364.747
"ind_190" 38.89222 -117.7775 2074 -8.35912 29.5403 228.498 37.7728 0.876385 0.484046 47.5325 132.535 0.233382 20.6965 1.02988 0.117022 3.07081 56.2016 77.0072 47.7562 10.5184 5.45084 27.4087 11.6883 16.2701 -7.97185 8.63865 -1.58101 -0.299929 181.558 540.943 540.943 364.747
"ind_191" 40.82417 -120.73944 1676 -8.82424 28.1551 317.861 37.4396 0.738085 0.635732 28.9807 57.3768 0.487937 123.866 1.16822 0.700291 2.5768 121.39 95.2363 72.2545 26.5962 4.93978 26.3189 11.012 16.4485 -8.5108 4.88797 -2.95385 -4.99478 206.847 455.044 455.044 278.32
"ind_192" 40.82417 -120.73944 1676 -8.82424 28.1551 317.861 37.4396 0.738085 0.635732 28.9807 57.3768 0.487937 123.866 1.16822 0.700291 2.5768 121.39 95.2363 72.2545 26.5962 4.93978 26.3189 11.012 16.4485 -8.5108 4.88797 -2.95385 -4.99478 206.847 455.044 455.044 278.32
"ind_193" 40.82417 -120.73944 1676 -8.82424 28.1551 317.861 37.4396 0.738085 0.635732 28.9807 57.3768 0.487937 123.866 1.16822 0.700291 2.5768 121.39 95.2363 72.2545 26.5962 4.93978 26.3189 11.012 16.4485 -8.5108 4.88797 -2.95385 -4.99478 206.847 455.044 455.044 278.32
"ind_194" 40.82417 -120.73944 1676 -8.82424 28.1551 317.861 37.4396 0.738085 0.635732 28.9807 57.3768 0.487937 123.866 1.16822 0.700291 2.5768 121.39 95.2363 72.2545 26.5962 4.93978 26.3189 11.012 16.4485 -8.5108 4.88797 -2.95385 -4.99478 206.847 455.044 455.044 278.32
"ind_195" 40.82417 -120.73944 1676 -8.82424 28.1551 317.861 37.4396 0.738085 0.635732 28.9807 57.3768 0.487937 123.866 1.16822 0.700291 2.5768 121.39 95.2363 72.2545 26.5962 4.93978 26.3189 11.012 16.4485 -8.5108 4.88797 -2.95385 -4.99478 206.847 455.044 455.044 278.32
"ind_196" 40.82417 -120.73944 1676 -8.82424 28.1551 317.861 37.4396 0.738085 0.635732 28.9807 57.3768 0.487937 123.866 1.16822 0.700291 2.5768 121.39 95.2363 72.2545 26.5962 4.93978 26.3189 11.012 16.4485 -8.5108 4.88797 -2.95385 -4.99478 206.847 455.044 455.044 278.32
"ind_197" 40.82417 -120.73944 1676 -8.82424 28.1551 317.861 37.4396 0.738085 0.635732 28.9807 57.3768 0.487937 123.866 1.16822 0.700291 2.5768 121.39 95.2363 72.2545 26.5962 4.93978 26.3189 11.012 16.4485 -8.5108 4.88797 -2.95385 -4.99478 206.847 455.044 455.044 278.32
"ind_198" 41.91611 -122.57278 710 -3.20744 32.0437 415.835 35.201 0.121336 0.806746 33.6662 135.442 0.656855 262.444 1.17708 0.806783 2.25108 190.464 98.2687 93.4364 38.2762 8.45037 30.0781 15.6988 19.962 -2.81377 9.80818 1.82981 8.49059 387.035 730.419 730.419 405.343
"ind_199" 41.91611 -122.57278 710 -3.20744 32.0437 415.835 35.201 0.121336 0.806746 33.6662 135.442 0.656855 262.444 1.17708 0.806783 2.25108 190.464 98.2687 93.4364 38.2762 8.45037 30.0781 15.6988 19.962 -2.81377 9.80818 1.82981 8.49059 387.035 730.419 730.419 405.343
"ind_200" 41.91611 -122.57278 710 -3.20744 32.0437 415.835 35.201 0.121336 0.806746 33.6662 135.442 0.656855 262.444 1.17708 0.806783 2.25108 190.464 98.2687 93.4364 38.2762 8.45037 30.0781 15.6988 19.962 -2.81377 9.80818 1.82981 8.49059 387.035 730.419 730.419 405.343
"ind_201" 41.91611 -122.57278 710 -3.20744 32.0437 415.835 35.201 0.121336 0.806746 33.6662 135.442 0.656855 262.444 1.17708 0.806783 2.25108 190.464 98.2687 93.4364 38.2762 8.45037 30.0781 15.6988 19.962 -2.81377 9.80818 1.82981 8.49059 387.035 730.419 730.419 405.343
"ind_202" 41.91611 -122.57278 710 -3.20744 32.0437 415.835 35.201 0.121336 0.806746 33.6662 135.442 0.656855 262.444 1.17708 0.806783 2.25108 190.464 98.2687 93.4364 38.2762 8.45037 30.0781 15.6988 19.962 -2.81377 9.80818 1.82981 8.49059 387.035 730.419 730.419 405.343
"ind_203" 40.69222 -121.41972 1307 -5.70224 29.3331 525.165 34.7604 0.546362 1.00548 39.2313 128.568 0.582809 235.445 1.37526 0.750667 2.02758 228.096 155.755 102.083 91.7991 6.6209 27.4746 12.9915 18.1157 -4.91651 8.23337 0.320674 4.33769 411.386 608.041 608.041 305.545
"ind_204" 40.69222 -121.41972 1307 -5.70224 29.3331 525.165 34.7604 0.546362 1.00548 39.2313 128.568 0.582809 235.445 1.37526 0.750667 2.02758 228.096 155.755 102.083 91.7991 6.6209 27.4746 12.9915 18.1157 -4.91651 8.23337 0.320674 4.33769 411.386 608.041 608.041 305.545
"ind_205" 40.69222 -121.41972 1307 -5.70224 29.3331 525.165 34.7604 0.546362 1.00548 39.2313 128.568 0.582809 235.445 1.37526 0.750667 2.02758 228.096 155.755 102.083 91.7991 6.6209 27.4746 12.9915 18.1157 -4.91651 8.23337 0.320674 4.33769 411.386 608.041 608.041 305.545
"ind_206" 40.69222 -121.41972 1307 -5.70224 29.3331 525.165 34.7604 0.546362 1.00548 39.2313 128.568 0.582809 235.445 1.37526 0.750667 2.02758 228.096 155.755 102.083 91.7991 6.6209 27.4746 12.9915 18.1157 -4.91651 8.23337 0.320674 4.33769 411.386 608.041 608.041 305.545
"ind_207" 40.69222 -121.41972 1307 -5.70224 29.3331 525.165 34.7604 0.546362 1.00548 39.2313 128.568 0.582809 235.445 1.37526 0.750667 2.02758 228.096 155.755 102.083 91.7991 6.6209 27.4746 12.9915 18.1157 -4.91651 8.23337 0.320674 4.33769 411.386 608.041 608.041 305.545
"ind_208" 40.69222 -121.41972 1307 -5.70224 29.3331 525.165 34.7604 0.546362 1.00548 39.2313 128.568 0.582809 235.445 1.37526 0.750667 2.02758 228.096 155.755 102.083 91.7991 6.6209 27.4746 12.9915 18.1157 -4.91651 8.23337 0.320674 4.33769 411.386 608.041 608.041 305.545
"ind_209" 40.69222 -121.41972 1307 -5.70224 29.3331 525.165 34.7604 0.546362 1.00548 39.2313 128.568 0.582809 235.445 1.37526 0.750667 2.02758 228.096 155.755 102.083 91.7991 6.6209 27.4746 12.9915 18.1157 -4.91651 8.23337 0.320674 4.33769 411.386 608.041 608.041 305.545
"ind_210" 40.69222 -121.41972 1307 -5.70224 29.3331 525.165 34.7604 0.546362 1.00548 39.2313 128.568 0.582809 235.445 1.37526 0.750667 2.02758 228.096 155.755 102.083 91.7991 6.6209 27.4746 12.9915 18.1157 -4.91651 8.23337 0.320674 4.33769 411.386 608.041 608.041 305.545
"ind_211" 40.69222 -121.41972 1307 -5.70224 29.3331 525.165 34.7604 0.546362 1.00548 39.2313 128.568 0.582809 235.445 1.37526 0.750667 2.02758 228.096 155.755 102.083 91.7991 6.6209 27.4746 12.9915 18.1157 -4.91651 8.23337 0.320674 4.33769 411.386 608.041 608.041 305.545
"ind_212" 37.035 -112.7342 1805 -7.72744 32.0619 397.736 39.7798 0.818169 0.774635 83.5597 162.225 0.341399 100.485 1.07497 0.328861 2.29156 130.034 92.9859 91.1563 40.4272 7.7239 30.4827 15.5442 19.7276 -6.91667 11.3821 0.396615 6.65567 326.91 700.069 700.069 394.548
"ind_213" 37.035 -112.7342 1805 -7.72744 32.0619 397.736 39.7798 0.818169 0.774635 83.5597 162.225 0.341399 100.485 1.07497 0.328861 2.29156 130.034 92.9859 91.1563 40.4272 7.7239 30.4827 15.5442 19.7276 -6.91667 11.3821 0.396615 6.65567 326.91 700.069 700.069 394.548
"ind_214" 37.035 -112.7342 1805 -7.72744 32.0619 397.736 39.7798 0.818169 0.774635 83.5597 162.225 0.341399 100.485 1.07497 0.328861 2.29156 130.034 92.9859 91.1563 40.4272 7.7239 30.4827 15.5442 19.7276 -6.91667 11.3821 0.396615 6.65567 326.91 700.069 700.069 394.548
"ind_215" 37.035 -112.7342 1805 -7.72744 32.0619 397.736 39.7798 0.818169 0.774635 83.5597 162.225 0.341399 100.485 1.07497 0.328861 2.29156 130.034 92.9859 91.1563 40.4272 7.7239 30.4827 15.5442 19.7276 -6.91667 11.3821 0.396615 6.65567 326.91 700.069 700.069 394.548
"ind_216" 37.035 -112.7342 1805 -7.72744 32.0619 397.736 39.7798 0.818169 0.774635 83.5597 162.225 0.341399 100.485 1.07497 0.328861 2.29156 130.034 92.9859 91.1563 40.4272 7.7239 30.4827 15.5442 19.7276 -6.91667 11.3821 0.396615 6.65567 326.91 700.069 700.069 394.548
"ind_217" 37.035 -112.7342 1805 -7.72744 32.0619 397.736 39.7798 0.818169 0.774635 83.5597 162.225 0.341399 100.485 1.07497 0.328861 2.29156 130.034 92.9859 91.1563 40.4272 7.7239 30.4827 15.5442 19.7276 -6.91667 11.3821 0.396615 6.65567 326.91 700.069 700.069 394.548
"ind_218" 37.035 -112.7342 1805 -7.72744 32.0619 397.736 39.7798 0.818169 0.774635 83.5597 162.225 0.341399 100.485 1.07497 0.328861 2.29156 130.034 92.9859 91.1563 40.4272 7.7239 30.4827 15.5442 19.7276 -6.91667 11.3821 0.396615 6.65567 326.91 700.069 700.069 394.548
"ind_219" 37.035 -112.7342 1805 -7.72744 32.0619 397.736 39.7798 0.818169 0.774635 83.5597 162.225 0.341399 100.485 1.07497 0.328861 2.29156 130.034 92.9859 91.1563 40.4272 7.7239 30.4827 15.5442 19.7276 -6.91667 11.3821 0.396615 6.65567 326.91 700.069 700.069 394.548
"ind_220" 37.035 -112.7342 1805 -7.72744 32.0619 397.736 39.7798 0.818169 0.774635 83.5597 162.225 0.341399 100.485 1.07497 0.328861 2.29156 130.034 92.9859 91.1563 40.4272 7.7239 30.4827 15.5442 19.7276 -6.91667 11.3821 0.396615 6.65567 326.91 700.069 700.069 394.548
"ind_221" 37.035 -112.7342 1805 -7.72744 32.0619 397.736 39.7798 0.818169 0.774635 83.5597 162.225 0.341399 100.485 1.07497 0.328861 2.29156 130.034 92.9859 91.1563 40.4272 7.7239 30.4827 15.5442 19.7276 -6.91667 11.3821 0.396615 6.65567 326.91 700.069 700.069 394.548
"ind_222" 37.035 -112.7342 1805 -7.72744 32.0619 397.736 39.7798 0.818169 0.774635 83.5597 162.225 0.341399 100.485 1.07497 0.328861 2.29156 130.034 92.9859 91.1563 40.4272 7.7239 30.4827 15.5442 19.7276 -6.91667 11.3821 0.396615 6.65567 326.91 700.069 700.069 394.548
"ind_223" 37.035 -112.7342 1805 -7.72744 32.0619 397.736 39.7798 0.818169 0.774635 83.5597 162.225 0.341399 100.485 1.07497 0.328861 2.29156 130.034 92.9859 91.1563 40.4272 7.7239 30.4827 15.5442 19.7276 -6.91667 11.3821 0.396615 6.65567 326.91 700.069 700.069 394.548
"ind_224" 37.035 -112.7342 1805 -7.72744 32.0619 397.736 39.7798 0.818169 0.774635 83.5597 162.225 0.341399 100.485 1.07497 0.328861 2.29156 130.034 92.9859 91.1563 40.4272 7.7239 30.4827 15.5442 19.7276 -6.91667 11.3821 0.396615 6.65567 326.91 700.069 700.069 394.548
"ind_225" 37.035 -112.7342 1805 -7.72744 32.0619 397.736 39.7798 0.818169 0.774635 83.5597 162.225 0.341399 100.485 1.07497 0.328861 2.29156 130.034 92.9859 91.1563 40.4272 7.7239 30.4827 15.5442 19.7276 -6.91667 11.3821 0.396615 6.65567 326.91 700.069 700.069 394.548
"ind_226" 37.035 -112.7342 1805 -7.72744 32.0619 397.736 39.7798 0.818169 0.774635 83.5597 162.225 0.341399 100.485 1.07497 0.328861 2.29156 130.034 92.9859 91.1563 40.4272 7.7239 30.4827 15.5442 19.7276 -6.91667 11.3821 0.396615 6.65567 326.91 700.069 700.069 394.548
"ind_227" 37.035 -112.7342 1805 -7.72744 32.0619 397.736 39.7798 0.818169 0.774635 83.5597 162.225 0.341399 100.485 1.07497 0.328861 2.29156 130.034 92.9859 91.1563 40.4272 7.7239 30.4827 15.5442 19.7276 -6.91667 11.3821 0.396615 6.65567 326.91 700.069 700.069 394.548
"ind_228" 37.035 -112.7342 1805 -7.72744 32.0619 397.736 39.7798 0.818169 0.774635 83.5597 162.225 0.341399 100.485 1.07497 0.328861 2.29156 130.034 92.9859 91.1563 40.4272 7.7239 30.4827 15.5442 19.7276 -6.91667 11.3821 0.396615 6.65567 326.91 700.069 700.069 394.548
"ind_229" 37.035 -112.7342 1805 -7.72744 32.0619 397.736 39.7798 0.818169 0.774635 83.5597 162.225 0.341399 100.485 1.07497 0.328861 2.29156 130.034 92.9859 91.1563 40.4272 7.7239 30.4827 15.5442 19.7276 -6.91667 11.3821 0.396615 6.65567 326.91 700.069 700.069 394.548
"ind_230" 37.035 -112.7342 1805 -7.72744 32.0619 397.736 39.7798 0.818169 0.774635 83.5597 162.225 0.341399 100.485 1.07497 0.328861 2.29156 130.034 92.9859 91.1563 40.4272 7.7239 30.4827 15.5442 19.7276 -6.91667 11.3821 0.396615 6.65567 326.91 700.069 700.069 394.548
"ind_231" 39.39667 -115.46861 2266 -9.68744 28.0575 325.975 37.7301 0.902553 0.768329 57.6295 125.986 0.238749 61.9372 1.08817 0.295552 2.30588 89.9221 106.2 72.2233 33.5971 3.43838 26.1273 9.97714 14.836 -9.1692 8.69225 -2.58188 -0.790993 228.194 484.148 484.148 274.076
"ind_232" 39.39667 -115.46861 2266 -9.68744 28.0575 325.975 37.7301 0.902553 0.768329 57.6295 125.986 0.238749 61.9372 1.08817 0.295552 2.30588 89.9221 106.2 72.2233 33.5971 3.43838 26.1273 9.97714 14.836 -9.1692 8.69225 -2.58188 -0.790993 228.194 484.148 484.148 274.076
"ind_233" 39.39667 -115.46861 2266 -9.68744 28.0575 325.975 37.7301 0.902553 0.768329 57.6295 125.986 0.238749 61.9372 1.08817 0.295552 2.30588 89.9221 106.2 72.2233 33.5971 3.43838 26.1273 9.97714 14.836 -9.1692 8.69225 -2.58188 -0.790993 228.194 484.148 484.148 274.076
"ind_234" 39.39667 -115.46861 2266 -9.68744 28.0575 325.975 37.7301 0.902553 0.768329 57.6295 125.986 0.238749 61.9372 1.08817 0.295552 2.30588 89.9221 106.2 72.2233 33.5971 3.43838 26.1273 9.97714 14.836 -9.1692 8.69225 -2.58188 -0.790993 228.194 484.148 484.148 274.076
"ind_235" 39.39667 -115.46861 2266 -9.68744 28.0575 325.975 37.7301 0.902553 0.768329 57.6295 125.986 0.238749 61.9372 1.08817 0.295552 2.30588 89.9221 106.2 72.2233 33.5971 3.43838 26.1273 9.97714 14.836 -9.1692 8.69225 -2.58188 -0.790993 228.194 484.148 484.148 274.076
"ind_236" 39.39667 -115.46861 2266 -9.68744 28.0575 325.975 37.7301 0.902553 0.768329 57.6295 125.986 0.238749 61.9372 1.08817 0.295552 2.30588 89.9221 106.2 72.2233 33.5971 3.43838 26.1273 9.97714 14.836 -9.1692 8.69225 -2.58188 -0.790993 228.194 484.148 484.148 274.076
"ind_237" 39.39667 -115.46861 2266 -9.68744 28.0575 325.975 37.7301 0.902553 0.768329 57.6295 125.986 0.238749 61.9372 1.08817 0.295552 2.30588 89.9221 106.2 72.2233 33.5971 3.43838 26.1273 9.97714 14.836 -9.1692 8.69225 -2.58188 -0.790993 228.194 484.148 484.148 274.076
"ind_238" 39.39667 -115.46861 2266 -9.68744 28.0575 325.975 37.7301 0.902553 0.768329 57.6295 125.986 0.238749 61.9372 1.08817 0.295552 2.30588 89.9221 106.2 72.2233 33.5971 3.43838 26.1273 9.97714 14.836 -9.1692 8.69225 -2.58188 -0.790993 228.194 484.148 484.148 274.076
"ind_239" 39.39667 -115.46861 2266 -9.68744 28.0575 325.975 37.7301 0.902553 0.768329 57.6295 125.986 0.238749 61.9372 1.08817 0.295552 2.30588 89.9221 106.2 72.2233 33.5971 3.43838 26.1273 9.97714 14.836 -9.1692 8.69225 -2.58188 -0.790993 228.194 484.148 484.148 274.076
"ind_240" 39.18722 -114.71778 2170 -11.71584 28.227909 337.472107 40.109261 0.902004 0.891502 63.660912 138.526505 0.20788 63.448219 1.050675 0.292555 2.130581 93.612122 102.699501 77.49958 34.919399 3.119139 26.422569 10.16938 14.90831 11.10086 7.650266 -3.611413 -5.840241 227.122299 459.528412 459.528412 243.685394
"ind_241" 39.18722 -114.71778 2170 -11.71584 28.227909 337.472107 40.109261 0.902004 0.891502 63.660912 138.526505 0.20788 63.448219 1.050675 0.292555 2.130581 93.612122 102.699501 77.49958 34.919399 3.119139 26.422569 10.16938 14.90831 11.10086 7.650266 -3.611413 -5.840241 227.122299 459.528412 459.528412 243.685394
"ind_242" 39.18722 -114.71778 2170 -11.71584 28.227909 337.472107 40.109261 0.902004 0.891502 63.660912 138.526505 0.20788 63.448219 1.050675 0.292555 2.130581 93.612122 102.699501 77.49958 34.919399 3.119139 26.422569 10.16938 14.90831 11.10086 7.650266 -3.611413 -5.840241 227.122299 459.528412 459.528412 243.685394
"ind_243" 39.18722 -114.71778 2170 -11.71584 28.227909 337.472107 40.109261 0.902004 0.891502 63.660912 138.526505 0.20788 63.448219 1.050675 0.292555 2.130581 93.612122 102.699501 77.49958 34.919399 3.119139 26.422569 10.16938 14.90831 11.10086 7.650266 -3.611413 -5.840241 227.122299 459.528412 459.528412 243.685394
"ind_244" 39.18722 -114.71778 2170 -11.71584 28.227909 337.472107 40.109261 0.902004 0.891502 63.660912 138.526505 0.20788 63.448219 1.050675 0.292555 2.130581 93.612122 102.699501 77.49958 34.919399 3.119139 26.422569 10.16938 14.90831 11.10086 7.650266 -3.611413 -5.840241 227.122299 459.528412 459.528412 243.685394
"ind_245" 39.18722 -114.71778 2170 -11.71584 28.227909 337.472107 40.109261 0.902004 0.891502 63.660912 138.526505 0.20788 63.448219 1.050675 0.292555 2.130581 93.612122 102.699501 77.49958 34.919399 3.119139 26.422569 10.16938 14.90831 11.10086 7.650266 -3.611413 -5.840241 227.122299 459.528412 459.528412 243.685394
"ind_246" 39.18722 -114.71778 2170 -11.71584 28.227909 337.472107 40.109261 0.902004 0.891502 63.660912 138.526505 0.20788 63.448219 1.050675 0.292555 2.130581 93.612122 102.699501 77.49958 34.919399 3.119139 26.422569 10.16938 14.90831 11.10086 7.650266 -3.611413 -5.840241 227.122299 459.528412 459.528412 243.685394
"ind_247" 39.18722 -114.71778 2170 -11.71584 28.227909 337.472107 40.109261 0.902004 0.891502 63.660912 138.526505 0.20788 63.448219 1.050675 0.292555 2.130581 93.612122 102.699501 77.49958 34.919399 3.119139 26.422569 10.16938 14.90831 11.10086 7.650266 -3.611413 -5.840241 227.122299 459.528412 459.528412 243.685394
"ind_248" 39.18722 -114.71778 2170 -11.71584 28.227909 337.472107 40.109261 0.902004 0.891502 63.660912 138.526505 0.20788 63.448219 1.050675 0.292555 2.130581 93.612122 102.699501 77.49958 34.919399 3.119139 26.422569 10.16938 14.90831 11.10086 7.650266 -3.611413 -5.840241 227.122299 459.528412 459.528412 243.685394
"ind_249" 39.18722 -114.71778 2170 -11.71584 28.227909 337.472107 40.109261 0.902004 0.891502 63.660912 138.526505 0.20788 63.448219 1.050675 0.292555 2.130581 93.612122 102.699501 77.49958 34.919399 3.119139 26.422569 10.16938 14.90831 11.10086 7.650266 -3.611413 -5.840241 227.122299 459.528412 459.528412 243.685394
"ind_250" 37.81917 -114.41222 1469 -8.43464 33.8335 239.337 42.2102 0.710436 0.376976 50.4659 141.268 0.297626 15.8422 1.03064 0.080482 3.65301 69.641 53.2998 65.9298 7.86627 8.55738 32.266 16.9901 21.1379 -7.60649 11.0676 0.137019 3.20622 202.662 718.346 718.346 521.692
"ind_251" 37.81917 -114.41222 1469 -8.43464 33.8335 239.337 42.2102 0.710436 0.376976 50.4659 141.268 0.297626 15.8422 1.03064 0.080482 3.65301 69.641 53.2998 65.9298 7.86627 8.55738 32.266 16.9901 21.1379 -7.60649 11.0676 0.137019 3.20622 202.662 718.346 718.346 521.692
"ind_252" 37.81917 -114.41222 1469 -8.43464 33.8335 239.337 42.2102 0.710436 0.376976 50.4659 141.268 0.297626 15.8422 1.03064 0.080482 3.65301 69.641 53.2998 65.9298 7.86627 8.55738 32.266 16.9901 21.1379 -7.60649 11.0676 0.137019 3.20622 202.662 718.346 718.346 521.692
"ind_253" 37.81917 -114.41222 1469 -8.43464 33.8335 239.337 42.2102 0.710436 0.376976 50.4659 141.268 0.297626 15.8422 1.03064 0.080482 3.65301 69.641 53.2998 65.9298 7.86627 8.55738 32.266 16.9901 21.1379 -7.60649 11.0676 0.137019 3.20622 202.662 718.346 718.346 521.692
"ind_254" 37.81917 -114.41222 1469 -8.43464 33.8335 239.337 42.2102 0.710436 0.376976 50.4659 141.268 0.297626 15.8422 1.03064 0.080482 3.65301 69.641 53.2998 65.9298 7.86627 8.55738 32.266 16.9901 21.1379 -7.60649 11.0676 0.137019 3.20622 202.662 718.346 718.346 521.692
"ind_255" 37.81917 -114.41222 1469 -8.43464 33.8335 239.337 42.2102 0.710436 0.376976 50.4659 141.268 0.297626 15.8422 1.03064 0.080482 3.65301 69.641 53.2998 65.9298 7.86627 8.55738 32.266 16.9901 21.1379 -7.60649 11.0676 0.137019 3.20622 202.662 718.346 718.346 521.692
"ind_256" 37.81917 -114.41222 1469 -8.43464 33.8335 239.337 42.2102 0.710436 0.376976 50.4659 141.268 0.297626 15.8422 1.03064 0.080482 3.65301 69.641 53.2998 65.9298 7.86627 8.55738 32.266 16.9901 21.1379 -7.60649 11.0676 0.137019 3.20622 202.662 718.346 718.346 521.692
"ind_257" 37.81917 -114.41222 1469 -8.43464 33.8335 239.337 42.2102 0.710436 0.376976 50.4659 141.268 0.297626 15.8422 1.03064 0.080482 3.65301 69.641 53.2998 65.9298 7.86627 8.55738 32.266 16.9901 21.1379 -7.60649 11.0676 0.137019 3.20622 202.662 718.346 718.346 521.692
"ind_258" 37.81917 -114.41222 1469 -8.43464 33.8335 239.337 42.2102 0.710436 0.376976 50.4659 141.268 0.297626 15.8422 1.03064 0.080482 3.65301 69.641 53.2998 65.9298 7.86627 8.55738 32.266 16.9901 21.1379 -7.60649 11.0676 0.137019 3.20622 202.662 718.346 718.346 521.692
"ind_259" 37.81917 -114.41222 1469 -8.43464 33.8335 239.337 42.2102 0.710436 0.376976 50.4659 141.268 0.297626 15.8422 1.03064 0.080482 3.65301 69.641 53.2998 65.9298 7.86627 8.55738 32.266 16.9901 21.1379 -7.60649 11.0676 0.137019 3.20622 202.662 718.346 718.346 521.692
"ind_260" 37.81917 -114.41222 1469 -8.43464 33.8335 239.337 42.2102 0.710436 0.376976 50.4659 141.268 0.297626 15.8422 1.03064 0.080482 3.65301 69.641 53.2998 65.9298 7.86627 8.55738 32.266 16.9901 21.1379 -7.60649 11.0676 0.137019 3.20622 202.662 718.346 718.346 521.692
"ind_261" 37.44139 -117.54389 2059 -8.59484 28.0207 260.386 36.958 0.902528 0.469842 52.8273 119.753 0.268378 28.9162 1.06514 0.16912 3.17448 83.6889 75.8965 47.9733 17.1628 6.47705 26.5569 12.1659 16.6311 -8.2661 8.6875 -1.82197 0.598253 182.818 541.669 541.669 370.813
"ind_262" 37.44139 -117.54389 2059 -8.59484 28.0207 260.386 36.958 0.902528 0.469842 52.8273 119.753 0.268378 28.9162 1.06514 0.16912 3.17448 83.6889 75.8965 47.9733 17.1628 6.47705 26.5569 12.1659 16.6311 -8.2661 8.6875 -1.82197 0.598253 182.818 541.669 541.669 370.813
"ind_263" 37.44139 -117.54389 2059 -8.59484 28.0207 260.386 36.958 0.902528 0.469842 52.8273 119.753 0.268378 28.9162 1.06514 0.16912 3.17448 83.6889 75.8965 47.9733 17.1628 6.47705 26.5569 12.1659 16.6311 -8.2661 8.6875 -1.82197 0.598253 182.818 541.669 541.669 370.813
"ind_264" 37.44139 -117.54389 2059 -8.59484 28.0207 260.386 36.958 0.902528 0.469842 52.8273 119.753 0.268378 28.9162 1.06514 0.16912 3.17448 83.6889 75.8965 47.9733 17.1628 6.47705 26.5569 12.1659 16.6311 -8.2661 8.6875 -1.82197 0.598253 182.818 541.669 541.669 370.813
"ind_265" 37.44139 -117.54389 2059 -8.59484 28.0207 260.386 36.958 0.902528 0.469842 52.8273 119.753 0.268378 28.9162 1.06514 0.16912 3.17448 83.6889 75.8965 47.9733 17.1628 6.47705 26.5569 12.1659 16.6311 -8.2661 8.6875 -1.82197 0.598253 182.818 541.669 541.669 370.813
"ind_266" 37.44139 -117.54389 2059 -8.59484 28.0207 260.386 36.958 0.902528 0.469842 52.8273 119.753 0.268378 28.9162 1.06514 0.16912 3.17448 83.6889 75.8965 47.9733 17.1628 6.47705 26.5569 12.1659 16.6311 -8.2661 8.6875 -1.82197 0.598253 182.818 541.669 541.669 370.813
"ind_267" 37.44139 -117.54389 2059 -8.59484 28.0207 260.386 36.958 0.902528 0.469842 52.8273 119.753 0.268378 28.9162 1.06514 0.16912 3.17448 83.6889 75.8965 47.9733 17.1628 6.47705 26.5569 12.1659 16.6311 -8.2661 8.6875 -1.82197 0.598253 182.818 541.669 541.669 370.813
"ind_268" 37.44139 -117.54389 2059 -8.59484 28.0207 260.386 36.958 0.902528 0.469842 52.8273 119.753 0.268378 28.9162 1.06514 0.16912 3.17448 83.6889 75.8965 47.9733 17.1628 6.47705 26.5569 12.1659 16.6311 -8.2661 8.6875 -1.82197 0.598253 182.818 541.669 541.669 370.813
"ind_269" 37.44139 -117.54389 2059 -8.59484 28.0207 260.386 36.958 0.902528 0.469842 52.8273 119.753 0.268378 28.9162 1.06514 0.16912 3.17448 83.6889 75.8965 47.9733 17.1628 6.47705 26.5569 12.1659 16.6311 -8.2661 8.6875 -1.82197 0.598253 182.818 541.669 541.669 370.813
"ind_270" 37.44139 -117.54389 2059 -8.59484 28.0207 260.386 36.958 0.902528 0.469842 52.8273 119.753 0.268378 28.9162 1.06514 0.16912 3.17448 83.6889 75.8965 47.9733 17.1628 6.47705 26.5569 12.1659 16.6311 -8.2661 8.6875 -1.82197 0.598253 182.818 541.669 541.669 370.813
"ind_271" 37.44139 -117.54389 2059 -8.59484 28.0207 260.386 36.958 0.902528 0.469842 52.8273 119.753 0.268378 28.9162 1.06514 0.16912 3.17448 83.6889 75.8965 47.9733 17.1628 6.47705 26.5569 12.1659 16.6311 -8.2661 8.6875 -1.82197 0.598253 182.818 541.669 541.669 370.813
"ind_272" 37.44139 -117.54389 2059 -8.59484 28.0207 260.386 36.958 0.902528 0.469842 52.8273 119.753 0.268378 28.9162 1.06514 0.16912 3.17448 83.6889 75.8965 47.9733 17.1628 6.47705 26.5569 12.1659 16.6311 -8.2661 8.6875 -1.82197 0.598253 182.818 541.669 541.669 370.813
"ind_273" 39.78833 -120.03778 1554 -6.68304 30.3763 300.063 37.1879 0.725819 0.467112 24.7159 67.4213 0.606786 111.394 1.12074 0.568632 3.1501 142.604 70.6664 62.077 27.1393 6.49568 28.748 13.5521 18.6741 -5.98342 8.54307 -0.097697 2.96585 218.68 612.845 612.845 417.925
"ind_274" 39.78833 -120.03778 1554 -6.68304 30.3763 300.063 37.1879 0.725819 0.467112 24.7159 67.4213 0.606786 111.394 1.12074 0.568632 3.1501 142.604 70.6664 62.077 27.1393 6.49568 28.748 13.5521 18.6741 -5.98342 8.54307 -0.097697 2.96585 218.68 612.845 612.845 417.925
"ind_275" 39.78833 -120.03778 1554 -6.68304 30.3763 300.063 37.1879 0.725819 0.467112 24.7159 67.4213 0.606786 111.394 1.12074 0.568632 3.1501 142.604 70.6664 62.077 27.1393 6.49568 28.748 13.5521 18.6741 -5.98342 8.54307 -0.097697 2.96585 218.68 612.845 612.845 417.925
"ind_276" 39.78833 -120.03778 1554 -6.68304 30.3763 300.063 37.1879 0.725819 0.467112 24.7159 67.4213 0.606786 111.394 1.12074 0.568632 3.1501 142.604 70.6664 62.077 27.1393 6.49568 28.748 13.5521 18.6741 -5.98342 8.54307 -0.097697 2.96585 218.68 612.845 612.845 417.925
"ind_277" 39.78833 -120.03778 1554 -6.68304 30.3763 300.063 37.1879 0.725819 0.467112 24.7159 67.4213 0.606786 111.394 1.12074 0.568632 3.1501 142.604 70.6664 62.077 27.1393 6.49568 28.748 13.5521 18.6741 -5.98342 8.54307 -0.097697 2.96585 218.68 612.845 612.845 417.925
"ind_278" 39.78833 -120.03778 1554 -6.68304 30.3763 300.063 37.1879 0.725819 0.467112 24.7159 67.4213 0.606786 111.394 1.12074 0.568632 3.1501 142.604 70.6664 62.077 27.1393 6.49568 28.748 13.5521 18.6741 -5.98342 8.54307 -0.097697 2.96585 218.68 612.845 612.845 417.925
"ind_279" 39.78833 -120.03778 1554 -6.68304 30.3763 300.063 37.1879 0.725819 0.467112 24.7159 67.4213 0.606786 111.394 1.12074 0.568632 3.1501 142.604 70.6664 62.077 27.1393 6.49568 28.748 13.5521 18.6741 -5.98342 8.54307 -0.097697 2.96585 218.68 612.845 612.845 417.925
"ind_280" 39.78833 -120.03778 1554 -6.68304 30.3763 300.063 37.1879 0.725819 0.467112 24.7159 67.4213 0.606786 111.394 1.12074 0.568632 3.1501 142.604 70.6664 62.077 27.1393 6.49568 28.748 13.5521 18.6741 -5.98342 8.54307 -0.097697 2.96585 218.68 612.845 612.845 417.925
"ind_281" 39.78833 -120.03778 1554 -6.68304 30.3763 300.063 37.1879 0.725819 0.467112 24.7159 67.4213 0.606786 111.394 1.12074 0.568632 3.1501 142.604 70.6664 62.077 27.1393 6.49568 28.748 13.5521 18.6741 -5.98342 8.54307 -0.097697 2.96585 218.68 612.845 612.845 417.925
"ind_282" 39.78833 -120.03778 1554 -6.68304 30.3763 300.063 37.1879 0.725819 0.467112 24.7159 67.4213 0.606786 111.394 1.12074 0.568632 3.1501 142.604 70.6664 62.077 27.1393 6.49568 28.748 13.5521 18.6741 -5.98342 8.54307 -0.097697 2.96585 218.68 612.845 612.845 417.925
"ind_283" 39.78833 -120.03778 1554 -6.68304 30.3763 300.063 37.1879 0.725819 0.467112 24.7159 67.4213 0.606786 111.394 1.12074 0.568632 3.1501 142.604 70.6664 62.077 27.1393 6.49568 28.748 13.5521 18.6741 -5.98342 8.54307 -0.097697 2.96585 218.68 612.845 612.845 417.925
"ind_284" 39.78833 -120.03778 1554 -6.68304 30.3763 300.063 37.1879 0.725819 0.467112 24.7159 67.4213 0.606786 111.394 1.12074 0.568632 3.1501 142.604 70.6664 62.077 27.1393 6.49568 28.748 13.5521 18.6741 -5.98342 8.54307 -0.097697 2.96585 218.68 612.845 612.845 417.925
"ind_285" 39.78833 -120.03778 1554 -6.68304 30.3763 300.063 37.1879 0.725819 0.467112 24.7159 67.4213 0.606786 111.394 1.12074 0.568632 3.1501 142.604 70.6664 62.077 27.1393 6.49568 28.748 13.5521 18.6741 -5.98342 8.54307 -0.097697 2.96585 218.68 612.845 612.845 417.925
"ind_286" 39.78833 -120.03778 1554 -6.68304 30.3763 300.063 37.1879 0.725819 0.467112 24.7159 67.4213 0.606786 111.394 1.12074 0.568632 3.1501 142.604 70.6664 62.077 27.1393 6.49568 28.748 13.5521 18.6741 -5.98342 8.54307 -0.097697 2.96585 218.68 612.845 612.845 417.925
"ind_287" 39.78833 -120.03778 1554 -6.68304 30.3763 300.063 37.1879 0.725819 0.467112 24.7159 67.4213 0.606786 111.394 1.12074 0.568632 3.1501 142.604 70.6664 62.077 27.1393 6.49568 28.748 13.5521 18.6741 -5.98342 8.54307 -0.097697 2.96585 218.68 612.845 612.845 417.925
"ind_288" 39.52167 -118.54722 1188 -6.68344 34.7035 125.148 41.3545 0.454944 0.163078 17.7931 81.898 0.367491 3.15168 1.01032 0.030172 7.13231 39.9876 40.8341 26.5328 1.47663 7.98999 32.5324 16.9851 20.7356 -5.78791 11.9753 2.17962 6.55883 105.727 744.834 744.834 640.4
"ind_289" 39.52167 -118.54722 1188 -6.68344 34.7035 125.148 41.3545 0.454944 0.163078 17.7931 81.898 0.367491 3.15168 1.01032 0.030172 7.13231 39.9876 40.8341 26.5328 1.47663 7.98999 32.5324 16.9851 20.7356 -5.78791 11.9753 2.17962 6.55883 105.727 744.834 744.834 640.4
"ind_290" 39.52167 -118.54722 1188 -6.68344 34.7035 125.148 41.3545 0.454944 0.163078 17.7931 81.898 0.367491 3.15168 1.01032 0.030172 7.13231 39.9876 40.8341 26.5328 1.47663 7.98999 32.5324 16.9851 20.7356 -5.78791 11.9753 2.17962 6.55883 105.727 744.834 744.834 640.4
"ind_291" 39.52167 -118.54722 1188 -6.68344 34.7035 125.148 41.3545 0.454944 0.163078 17.7931 81.898 0.367491 3.15168 1.01032 0.030172 7.13231 39.9876 40.8341 26.5328 1.47663 7.98999 32.5324 16.9851 20.7356 -5.78791 11.9753 2.17962 6.55883 105.727 744.834 744.834 640.4
"ind_292" 39.52167 -118.54722 1188 -6.68344 34.7035 125.148 41.3545 0.454944 0.163078 17.7931 81.898 0.367491 3.15168 1.01032 0.030172 7.13231 39.9876 40.8341 26.5328 1.47663 7.98999 32.5324 16.9851 20.7356 -5.78791 11.9753 2.17962 6.55883 105.727 744.834 744.834 640.4
"ind_293" 39.52167 -118.54722 1188 -6.68344 34.7035 125.148 41.3545 0.454944 0.163078 17.7931 81.898 0.367491 3.15168 1.01032 0.030172 7.13231 39.9876 40.8341 26.5328 1.47663 7.98999 32.5324 16.9851 20.7356 -5.78791 11.9753 2.17962 6.55883 105.727 744.834 744.834 640.4
"ind_294" 39.52167 -118.54722 1188 -6.68344 34.7035 125.148 41.3545 0.454944 0.163078 17.7931 81.898 0.367491 3.15168 1.01032 0.030172 7.13231 39.9876 40.8341 26.5328 1.47663 7.98999 32.5324 16.9851 20.7356 -5.78791 11.9753 2.17962 6.55883 105.727 744.834 744.834 640.4
"ind_295" 39.52167 -118.54722 1188 -6.68344 34.7035 125.148 41.3545 0.454944 0.163078 17.7931 81.898 0.367491 3.15168 1.01032 0.030172 7.13231 39.9876 40.8341 26.5328 1.47663 7.98999 32.5324 16.9851 20.7356 -5.78791 11.9753 2.17962 6.55883 105.727 744.834 744.834 640.4
"ind_296" 39.52167 -118.54722 1188 -6.68344 34.7035 125.148 41.3545 0.454944 0.163078 17.7931 81.898 0.367491 3.15168 1.01032 0.030172 7.13231 39.9876 40.8341 26.5328 1.47663 7.98999 32.5324 16.9851 20.7356 -5.78791 11.9753 2.17962 6.55883 105.727 744.834 744.834 640.4
"ind_297" 39.52167 -118.54722 1188 -6.68344 34.7035 125.148 41.3545 0.454944 0.163078 17.7931 81.898 0.367491 3.15168 1.01032 0.030172 7.13231 39.9876 40.8341 26.5328 1.47663 7.98999 32.5324 16.9851 20.7356 -5.78791 11.9753 2.17962 6.55883 105.727 744.834 744.834 640.4
"ind_298" 39.52167 -118.54722 1188 -6.68344 34.7035 125.148 41.3545 0.454944 0.163078 17.7931 81.898 0.367491 3.15168 1.01032 0.030172 7.13231 39.9876 40.8341 26.5328 1.47663 7.98999 32.5324 16.9851 20.7356 -5.78791 11.9753 2.17962 6.55883 105.727 744.834 744.834 640.4
"ind_299" 39.52167 -118.54722 1188 -6.68344 34.7035 125.148 41.3545 0.454944 0.163078 17.7931 81.898 0.367491 3.15168 1.01032 0.030172 7.13231 39.9876 40.8341 26.5328 1.47663 7.98999 32.5324 16.9851 20.7356 -5.78791 11.9753 2.17962 6.55883 105.727 744.834 744.834 640.4
"ind_300" 39.52167 -118.54722 1188 -6.68344 34.7035 125.148 41.3545 0.454944 0.163078 17.7931 81.898 0.367491 3.15168 1.01032 0.030172 7.13231 39.9876 40.8341 26.5328 1.47663 7.98999 32.5324 16.9851 20.7356 -5.78791 11.9753 2.17962 6.55883 105.727 744.834 744.834 640.4
"ind_301" 39.52167 -118.54722 1188 -6.68344 34.7035 125.148 41.3545 0.454944 0.163078 17.7931 81.898 0.367491 3.15168 1.01032 0.030172 7.13231 39.9876 40.8341 26.5328 1.47663 7.98999 32.5324 16.9851 20.7356 -5.78791 11.9753 2.17962 6.55883 105.727 744.834 744.834 640.4
"ind_302" 39.52167 -118.54722 1188 -6.68344 34.7035 125.148 41.3545 0.454944 0.163078 17.7931 81.898 0.367491 3.15168 1.01032 0.030172 7.13231 39.9876 40.8341 26.5328 1.47663 7.98999 32.5324 16.9851 20.7356 -5.78791 11.9753 2.17962 6.55883 105.727 744.834 744.834 640.4
"ind_303" 39.52167 -118.54722 1188 -6.68344 34.7035 125.148 41.3545 0.454944 0.163078 17.7931 81.898 0.367491 3.15168 1.01032 0.030172 7.13231 39.9876 40.8341 26.5328 1.47663 7.98999 32.5324 16.9851 20.7356 -5.78791 11.9753 2.17962 6.55883 105.727 744.834 744.834 640.4
"ind_304" 39.52167 -118.54722 1188 -6.68344 34.7035 125.148 41.3545 0.454944 0.163078 17.7931 81.898 0.367491 3.15168 1.01032 0.030172 7.13231 39.9876 40.8341 26.5328 1.47663 7.98999 32.5324 16.9851 20.7356 -5.78791 11.9753 2.17962 6.55883 105.727 744.834 744.834 640.4
"ind_305" 39.52167 -118.54722 1188 -6.68344 34.7035 125.148 41.3545 0.454944 0.163078 17.7931 81.898 0.367491 3.15168 1.01032 0.030172 7.13231 39.9876 40.8341 26.5328 1.47663 7.98999 32.5324 16.9851 20.7356 -5.78791 11.9753 2.17962 6.55883 105.727 744.834 744.834 640.4
"ind_306" 39.52167 -118.54722 1188 -6.68344 34.7035 125.148 41.3545 0.454944 0.163078 17.7931 81.898 0.367491 3.15168 1.01032 0.030172 7.13231 39.9876 40.8341 26.5328 1.47663 7.98999 32.5324 16.9851 20.7356 -5.78791 11.9753 2.17962 6.55883 105.727 744.834 744.834 640.4
"ind_307" 39.52167 -118.54722 1188 -6.68344 34.7035 125.148 41.3545 0.454944 0.163078 17.7931 81.898 0.367491 3.15168 1.01032 0.030172 7.13231 39.9876 40.8341 26.5328 1.47663 7.98999 32.5324 16.9851 20.7356 -5.78791 11.9753 2.17962 6.55883 105.727 744.834 744.834 640.4
"ind_308" 39.52167 -118.54722 1188 -6.68344 34.7035 125.148 41.3545 0.454944 0.163078 17.7931 81.898 0.367491 3.15168 1.01032 0.030172 7.13231 39.9876 40.8341 26.5328 1.47663 7.98999 32.5324 16.9851 20.7356 -5.78791 11.9753 2.17962 6.55883 105.727 744.834 744.834 640.4
"ind_309" 39.52167 -118.54722 1188 -6.68344 34.7035 125.148 41.3545 0.454944 0.163078 17.7931 81.898 0.367491 3.15168 1.01032 0.030172 7.13231 39.9876 40.8341 26.5328 1.47663 7.98999 32.5324 16.9851 20.7356 -5.78791 11.9753 2.17962 6.55883 105.727 744.834 744.834 640.4
"ind_310" 39.87209 -120.410015 1790 -7.24624 27.4795 562.127 34.6211 0.68955 0.888992 22.989 81.9131 0.766235 217.28 1.49698 0.895491 2.15453 292.775 146.449 99.9136 96.9216 5.49767 25.7508 11.1955 16.6951 -6.92605 5.71268 -2.28375 -1.20926 356.979 512.099 512.099 272.76
"ind_311" 39.87209 -120.410015 1790 -7.24624 27.4795 562.127 34.6211 0.68955 0.888992 22.989 81.9131 0.766235 217.28 1.49698 0.895491 2.15453 292.775 146.449 99.9136 96.9216 5.49767 25.7508 11.1955 16.6951 -6.92605 5.71268 -2.28375 -1.20926 356.979 512.099 512.099 272.76
"ind_312" 39.87209 -120.410015 1790 -7.24624 27.4795 562.127 34.6211 0.68955 0.888992 22.989 81.9131 0.766235 217.28 1.49698 0.895491 2.15453 292.775 146.449 99.9136 96.9216 5.49767 25.7508 11.1955 16.6951 -6.92605 5.71268 -2.28375 -1.20926 356.979 512.099 512.099 272.76
"ind_313" 39.87209 -120.410015 1790 -7.24624 27.4795 562.127 34.6211 0.68955 0.888992 22.989 81.9131 0.766235 217.28 1.49698 0.895491 2.15453 292.775 146.449 99.9136 96.9216 5.49767 25.7508 11.1955 16.6951 -6.92605 5.71268 -2.28375 -1.20926 356.979 512.099 512.099 272.76
"ind_314" 39.87209 -120.410015 1790 -7.24624 27.4795 562.127 34.6211 0.68955 0.888992 22.989 81.9131 0.766235 217.28 1.49698 0.895491 2.15453 292.775 146.449 99.9136 96.9216 5.49767 25.7508 11.1955 16.6951 -6.92605 5.71268 -2.28375 -1.20926 356.979 512.099 512.099 272.76
"ind_315" 39.87209 -120.410015 1790 -7.24624 27.4795 562.127 34.6211 0.68955 0.888992 22.989 81.9131 0.766235 217.28 1.49698 0.895491 2.15453 292.775 146.449 99.9136 96.9216 5.49767 25.7508 11.1955 16.6951 -6.92605 5.71268 -2.28375 -1.20926 356.979 512.099 512.099 272.76
"ind_316" 39.87209 -120.410015 1790 -7.24624 27.4795 562.127 34.6211 0.68955 0.888992 22.989 81.9131 0.766235 217.28 1.49698 0.895491 2.15453 292.775 146.449 99.9136 96.9216 5.49767 25.7508 11.1955 16.6951 -6.92605 5.71268 -2.28375 -1.20926 356.979 512.099 512.099 272.76
"ind_317" 39.87209 -120.410015 1790 -7.24624 27.4795 562.127 34.6211 0.68955 0.888992 22.989 81.9131 0.766235 217.28 1.49698 0.895491 2.15453 292.775 146.449 99.9136 96.9216 5.49767 25.7508 11.1955 16.6951 -6.92605 5.71268 -2.28375 -1.20926 356.979 512.099 512.099 272.76
"ind_318" 39.87209 -120.410015 1790 -7.24624 27.4795 562.127 34.6211 0.68955 0.888992 22.989 81.9131 0.766235 217.28 1.49698 0.895491 2.15453 292.775 146.449 99.9136 96.9216 5.49767 25.7508 11.1955 16.6951 -6.92605 5.71268 -2.28375 -1.20926 356.979 512.099 512.099 272.76
"ind_319" 39.87209 -120.410015 1790 -7.24624 27.4795 562.127 34.6211 0.68955 0.888992 22.989 81.9131 0.766235 217.28 1.49698 0.895491 2.15453 292.775 146.449 99.9136 96.9216 5.49767 25.7508 11.1955 16.6951 -6.92605 5.71268 -2.28375 -1.20926 356.979 512.099 512.099 272.76
"ind_320" 39.87209 -120.410015 1790 -7.24624 27.4795 562.127 34.6211 0.68955 0.888992 22.989 81.9131 0.766235 217.28 1.49698 0.895491 2.15453 292.775 146.449 99.9136 96.9216 5.49767 25.7508 11.1955 16.6951 -6.92605 5.71268 -2.28375 -1.20926 356.979 512.099 512.099 272.76
"ind_321" 39.87209 -120.410015 1790 -7.24624 27.4795 562.127 34.6211 0.68955 0.888992 22.989 81.9131 0.766235 217.28 1.49698 0.895491 2.15453 292.775 146.449 99.9136 96.9216 5.49767 25.7508 11.1955 16.6951 -6.92605 5.71268 -2.28375 -1.20926 356.979 512.099 512.099 272.76
"ind_322" 39.87209 -120.410015 1790 -7.24624 27.4795 562.127 34.6211 0.68955 0.888992 22.989 81.9131 0.766235 217.28 1.49698 0.895491 2.15453 292.775 146.449 99.9136 96.9216 5.49767 25.7508 11.1955 16.6951 -6.92605 5.71268 -2.28375 -1.20926 356.979 512.099 512.099 272.76
"ind_323" 39.87209 -120.410015 1790 -7.24624 27.4795 562.127 34.6211 0.68955 0.888992 22.989 81.9131 0.766235 217.28 1.49698 0.895491 2.15453 292.775 146.449 99.9136 96.9216 5.49767 25.7508 11.1955 16.6951 -6.92605 5.71268 -2.28375 -1.20926 356.979 512.099 512.099 272.76
"ind_324" 39.87209 -120.410015 1790 -7.24624 27.4795 562.127 34.6211 0.68955 0.888992 22.989 81.9131 0.766235 217.28 1.49698 0.895491 2.15453 292.775 146.449 99.9136 96.9216 5.49767 25.7508 11.1955 16.6951 -6.92605 5.71268 -2.28375 -1.20926 356.979 512.099 512.099 272.76
"ind_325" 39.87209 -120.410015 1790 -7.24624 27.4795 562.127 34.6211 0.68955 0.888992 22.989 81.9131 0.766235 217.28 1.49698 0.895491 2.15453 292.775 146.449 99.9136 96.9216 5.49767 25.7508 11.1955 16.6951 -6.92605 5.71268 -2.28375 -1.20926 356.979 512.099 512.099 272.76
